[['-2.257895283401012421e-02,-2.257895283401012421e-02,-1.419397536665201187e-02,-1.080434024333953857e-02,-1.241004653275012970e-02,-3.783544059842824936e-03,1.507516670972108841e-02,-2.154275309294462204e-03,-5.547186732292175293e-02,-4.456057399511337280e-02,3.057961165904998779e-02,3.849458321928977966e-02,-2.081565931439399719e-02,-3.851174563169479370e-02,-1.459367945790290833e-02,-8.197873830795288086e-03,-1.932432688772678375e-02,-1.821702159941196442e-02,-4.875955171883106232e-03,1.141785643994808197e-03,-1.637995883356779814e-04,-1.814362825825810432e-03,-3.809901885688304901e-03,-2.088058972731232643e-04,8.988925255835056305e-03,9.316964074969291687e-03,7.753108511678874493e-04,-6.478772033005952835e-03,-1.244528405368328094e-02,-1.109240483492612839e-02,-2.420132514089345932e-03,4.466170212253928185e-04,-2.492156112566590309e-03,-4.419970326125621796e-03,-5.336826201528310776e-03,-4.942160565406084061e-03,-3.235972719267010689e-03,4.643407184630632401e-03,1.869598031044006348e-02,1.972991414368152618e-02,7.745212409645318985e-03,7.829540409147739410e-03,1.998289674520492554e-02,1.759883388876914978e-02,6.773497443646192551e-04,-4.787471145391464233e-03,1.204370288178324699e-03,6.044923793524503708e-03,9.734188206493854523e-03,9.234018623828887939e-03,4.544412251561880112e-03,5.690085235983133316e-03,1.267103757709264755e-02,1.280845329165458679e-02,6.102334707975387573e-03,6.223445292562246323e-03,1.317178644239902496e-02,1.786083541810512543e-02,2.029059268534183502e-02,1.871003210544586182e-02,1.311915088444948196e-02,7.720264140516519547e-03,2.513370476663112640e-03,2.513370476663112640e-03', '-2.257895283401012421e-02,-2.257895283401012421e-02,-1.419397536665201187e-02,-1.080434024333953857e-02,-1.241004653275012970e-02,-3.783544059842824936e-03,1.507516670972108841e-02,-2.154275309294462204e-03,-5.547186732292175293e-02,-4.456057399511337280e-02,3.057961165904998779e-02,3.849458321928977966e-02,-2.081565931439399719e-02,-3.851174563169479370e-02,-1.459367945790290833e-02,-8.197873830795288086e-03,-1.932432688772678375e-02,-1.821702159941196442e-02,-4.875955171883106232e-03,1.141785643994808197e-03,-1.637995883356779814e-04,-1.814362825825810432e-03,-3.809901885688304901e-03,-2.088058972731232643e-04,8.988925255835056305e-03,9.316964074969291687e-03,7.753108511678874493e-04,-6.478772033005952835e-03,-1.244528405368328094e-02,-1.109240483492612839e-02,-2.420132514089345932e-03,4.466170212253928185e-04,-2.492156112566590309e-03,-4.419970326125621796e-03,-5.336826201528310776e-03,-4.942160565406084061e-03,-3.235972719267010689e-03,4.643407184630632401e-03,1.869598031044006348e-02,1.972991414368152618e-02,7.745212409645318985e-03,7.829540409147739410e-03,1.998289674520492554e-02,1.759883388876914978e-02,6.773497443646192551e-04,-4.787471145391464233e-03,1.204370288178324699e-03,6.044923793524503708e-03,9.734188206493854523e-03,9.234018623828887939e-03,4.544412251561880112e-03,5.690085235983133316e-03,1.267103757709264755e-02,1.280845329165458679e-02,6.102334707975387573e-03,6.223445292562246323e-03,1.317178644239902496e-02,1.786083541810512543e-02,2.029059268534183502e-02,1.871003210544586182e-02,1.311915088444948196e-02,7.720264140516519547e-03,2.513370476663112640e-03,2.513370476663112640e-03', '1.642127637751400471e-03,1.642127288505434990e-03,-1.595591078512370586e-03,-1.488991547375917435e-02,-3.824084624648094177e-02,-2.372505515813827515e-02,2.865745685994625092e-02,1.778161711990833282e-02,-5.635257810354232788e-02,-5.814573541283607483e-02,1.240214332938194275e-02,2.341198734939098358e-02,-2.511620149016380310e-02,-3.994837030768394470e-02,-2.108451910316944122e-02,-9.866200387477874756e-03,-6.293415091931819916e-03,-2.627125068102031946e-04,8.225908502936363220e-03,8.320860797539353371e-04,-2.244417741894721985e-02,-2.662184089422225952e-02,-1.170089747756719589e-02,1.029973733238875866e-03,1.157077215611934662e-02,1.344755571335554123e-02,6.660323124378919601e-03,-2.519517438486218452e-03,-1.409196667373180389e-02,-1.634453795850276947e-02,-9.277233853936195374e-03,-6.451218854635953903e-03,-7.866494357585906982e-03,-9.776219725608825684e-03,-1.218039635568857193e-02,-1.465239748358726501e-02,-1.719222404062747955e-02,-8.166060782968997955e-03,1.242609228938817978e-02,1.334965322166681290e-02,-5.395375192165374756e-03,-5.477814935147762299e-03,1.310233306139707565e-02,1.273170765489339828e-02,-6.589692085981369019e-03,-1.144119817763566971e-02,-1.822812249884009361e-03,5.392479244619607925e-03,1.020467560738325119e-02,1.132073253393173218e-02,8.740649558603763580e-03,1.010701619088649750e-02,1.541983336210250854e-02,1.576130092144012451e-02,1.113141886889934540e-02,9.822650812566280365e-03,1.183499768376350403e-02,1.413927972316741943e-02,1.673549599945545197e-02,1.683570072054862976e-02,1.443989388644695282e-02,9.845948778092861176e-03,3.053866093978285789e-03,3.053866093978285789e-03', '1.418979093432426453e-02,1.418979000300168991e-02,2.375482814386487007e-03,-1.813516393303871155e-02,-4.734215140342712402e-02,-3.320702910423278809e-02,2.427020855247974396e-02,1.988491974771022797e-02,-4.636289551854133606e-02,-5.237757787108421326e-02,1.840865821577608585e-03,1.174170430749654770e-02,-2.267506346106529236e-02,-3.376516699790954590e-02,-2.152860350906848907e-02,-1.092297490686178207e-02,-1.948279561474919319e-03,4.626363515853881836e-03,8.800954557955265045e-03,-2.848627045750617981e-03,-3.032238036394119263e-02,-3.437911719083786011e-02,-1.501883100718259811e-02,8.603150490671396255e-04,1.325832307338714600e-02,1.600169576704502106e-02,9.090432897210121155e-03,-1.061643997672945261e-04,-1.158809568732976913e-02,-1.490164082497358322e-02,-1.004680246114730835e-02,-7.625552825629711151e-03,-7.637892384082078934e-03,-9.155060164630413055e-03,-1.217705477029085159e-02,-1.461992505937814713e-02,-1.648367010056972504e-02,-8.515821769833564758e-03,9.283622726798057556e-03,1.042718067765235901e-02,-5.085145123302936554e-03,-5.350694060325622559e-03,9.630532003939151764e-03,9.118683636188507080e-03,-6.886240560561418533e-03,-1.048890873789787292e-02,-1.689322292804718018e-03,5.338812712579965591e-03,1.059549674391746521e-02,1.191812753677368164e-02,9.306704625487327576e-03,1.081956271082162857e-02,1.645670272409915924e-02,1.700503006577491760e-02,1.246454473584890366e-02,1.062030717730522156e-02,1.147231925278902054e-02,1.270961109548807144e-02,1.433218270540237427e-02,1.540257129818201065e-02,1.592077873647212982e-02,1.264653727412223816e-02,5.579848308116197586e-03,5.579848308116197586e-03', '1.506403740495443344e-02,1.506403740495443344e-02,-2.280753338709473610e-03,-2.054008841514587402e-02,-3.971396759152412415e-02,-3.222946450114250183e-02,1.913421321660280228e-03,4.155635833740234375e-03,-2.550281956791877747e-02,-2.725610509514808655e-02,-1.104220864363014698e-03,3.483732463791966438e-03,-1.349224522709846497e-02,-1.996213383972644806e-02,-1.592593453824520111e-02,-1.136819738894701004e-02,-6.288920529186725616e-03,-3.549793502315878868e-03,-3.150816075503826141e-03,-9.900353848934173584e-03,-2.379840612411499023e-02,-2.508618868887424469e-02,-1.376370433717966080e-02,-7.177818333730101585e-04,1.405157707631587982e-02,1.697938516736030579e-02,8.065639063715934753e-03,7.612870540469884872e-04,-4.933670163154602051e-03,-6.763711571693420410e-03,-4.728837870061397552e-03,-3.076384076848626137e-03,-1.806350192055106163e-03,-2.556490013375878334e-03,-5.326803307980298996e-03,-4.844744689762592316e-03,-1.110313925892114639e-03,3.594124456867575645e-03,9.268571622669696808e-03,1.096249744296073914e-02,8.675903081893920898e-03,8.210901170969009399e-03,9.567494504153728485e-03,6.759762298315763474e-03,-2.122959413100033998e-04,-1.930603175424039364e-03,1.604839926585555077e-03,5.883924663066864014e-03,1.090664975345134735e-02,1.102620176970958710e-02,6.242578383535146713e-03,7.827727124094963074e-03,1.578164659440517426e-02,1.653964072465896606e-02,1.010171230882406235e-02,8.616414852440357208e-03,1.208375021815299988e-02,1.357182860374450684e-02,1.308065000921487808e-02,1.441064290702342987e-02,1.756180636584758759e-02,1.612203009426593781e-02,1.009131595492362976e-02,1.009131595492362976e-02', '1.032899413257837296e-02,1.032899413257837296e-02,-5.036558490246534348e-03,-1.598320901393890381e-02,-2.251095697283744812e-02,-1.832296513020992279e-02,-3.419230226427316666e-03,4.246140015311539173e-04,-6.791431456804275513e-03,-6.686291657388210297e-03,7.400359027087688446e-04,5.668309750035405159e-04,-7.205905392765998840e-03,-1.064315624535083771e-02,-9.744919836521148682e-03,-8.067529648542404175e-03,-5.610986612737178802e-03,-5.404978059232234955e-03,-7.449503056704998016e-03,-1.100347936153411865e-02,-1.606690697371959686e-02,-1.592082902789115906e-02,-1.056524924933910370e-02,-1.917416113428771496e-03,1.002266909927129745e-02,1.186562515795230865e-02,3.611450083553791046e-03,-8.162597077898681164e-04,-1.417504041455686092e-03,-9.537638397887349129e-04,5.749610136263072491e-04,1.523365499451756477e-03,1.891449675895273685e-03,1.817582175135612488e-03,1.301762880757451057e-03,1.868216902948915958e-03,3.516943892464041710e-03,4.887637682259082794e-03,5.980297923088073730e-03,8.319105021655559540e-03,1.190405804663896561e-02,1.170389261096715927e-02,7.718609180301427841e-03,4.720491822808980942e-03,2.709540538489818573e-03,2.182147465646266937e-03,3.138312371447682381e-03,5.816888064146041870e-03,1.021787524223327637e-02,9.913042187690734863e-03,4.902389366179704666e-03,5.842350888997316360e-03,1.273292675614356995e-02,1.266658492386341095e-02,5.643325392156839371e-03,5.487392656505107880e-03,1.219878718256950378e-02,1.454926282167434692e-02,1.253882050514221191e-02,1.283901277929544449e-02,1.544983871281147003e-02,1.492562331259250641e-02,1.126636750996112823e-02,1.126636750996112823e-02', '-1.533766044303774834e-05,-1.533774775452911854e-05,-5.891933105885982513e-03,-4.464528989046812057e-03,4.266875330358743668e-03,8.512469939887523651e-03,8.272254839539527893e-03,8.691854774951934814e-03,9.771268814802169800e-03,9.331862442195415497e-03,7.373636122792959213e-03,2.990999957546591759e-03,-3.816045355051755905e-03,-5.808231420814990997e-03,-2.985557774081826210e-03,-1.020973548293113708e-03,8.552130020689219236e-05,-9.391898638568818569e-04,-4.095106851309537888e-03,-6.158004049211740494e-03,-7.127881515771150589e-03,-6.883035413920879364e-03,-5.423466209322214127e-03,-2.738587558269500732e-03,1.171599840745329857e-03,6.604181835427880287e-04,-4.272133111953735352e-03,-4.838804714381694794e-03,-1.039596972987055779e-03,2.528202719986438751e-03,5.864594131708145142e-03,6.173695903271436691e-03,3.455507336184382439e-03,3.967156633734703064e-03,7.708643563091754913e-03,5.518958903849124908e-03,-2.601896878331899643e-03,-4.635282326489686966e-03,-5.811980809085071087e-04,2.497003413736820221e-03,4.599322099238634109e-03,5.128279328346252441e-03,4.083876032382249832e-03,3.000872675329446793e-03,1.879269140772521496e-03,1.849343185313045979e-03,2.911094576120376587e-03,5.137703847140073776e-03,8.529171347618103027e-03,8.578649722039699554e-03,5.286137107759714127e-03,4.863434936851263046e-03,7.310543209314346313e-03,5.385859403759241104e-03,-9.106165380217134953e-04,1.233240240253508091e-03,1.181743014603853226e-02,1.564191468060016632e-02,1.270669419318437576e-02,1.068768091499805450e-02,9.584876708686351776e-03,9.057316929101943970e-03,9.105002507567405701e-03,9.105002507567405701e-03', '-6.608056370168924332e-03,-6.608056370168924332e-03,-8.193646557629108429e-03,-2.336132805794477463e-03,1.096448488533496857e-02,1.381896995007991791e-02,6.227324251085519791e-03,4.583212547004222870e-03,8.886634372174739838e-03,8.982184343039989471e-03,4.869864787906408310e-03,7.803870248608291149e-04,-3.286248305812478065e-03,-3.582245670258998871e-03,-1.076052358257584274e-04,1.593998749740421772e-03,1.522566308267414570e-03,1.464190718252211809e-04,-2.534443046897649765e-03,-3.313304623588919640e-03,-2.190165687352418900e-03,-1.679240842349827290e-03,-1.780530204996466637e-03,-1.890925806947052479e-03,-2.010427415370941162e-03,-3.416556166484951973e-03,-6.109311711043119431e-03,-4.434140399098396301e-03,1.608958235010504723e-03,6.468769628554582596e-03,1.014529448002576828e-02,9.045967832207679749e-03,3.170789452269673347e-03,1.892840722575783730e-03,5.212121643126010895e-03,2.210514154285192490e-03,-7.111981511116027832e-03,-8.947275578975677490e-03,-3.295369911938905716e-03,-2.016374783124774694e-04,3.339210234116762877e-04,8.688528905622661114e-04,1.403158181346952915e-03,1.353665720671415329e-03,7.203754503279924393e-04,1.087022246792912483e-03,2.453605877235531807e-03,4.325496498495340347e-03,6.702693644911050797e-03,6.793365348130464554e-03,4.597511142492294312e-03,3.658895613625645638e-03,3.977519460022449493e-03,1.447401940822601318e-03,-3.931456711143255234e-03,-6.768801249563694000e-04,1.121113169938325882e-02,1.571454480290412903e-02,1.283335871994495392e-02,1.106886286288499832e-02,1.042105909436941147e-02,9.762273170053958893e-03,9.092503227293491364e-03,9.092504158616065979e-03', '-9.449161589145660400e-03,-9.449161589145660400e-03,-1.194169931113719940e-02,-9.598021395504474640e-03,-2.418129006400704384e-03,-2.403462305665016174e-03,-9.554021060466766357e-03,-1.190131157636642456e-02,-9.445335716009140015e-03,-7.735325023531913757e-03,-6.771277636289596558e-03,-6.065007764846086502e-03,-5.616513546556234360e-03,-3.965198528021574020e-03,-1.111062243580818176e-03,-2.226133365184068680e-04,-1.299851806834340096e-03,-2.148151164874434471e-03,-2.767511643469333649e-03,-2.469381084665656090e-03,-1.253759139217436314e-03,-3.094460698775947094e-04,3.635582106653600931e-04,6.255693733692169189e-04,4.765872727148234844e-04,-3.652978339232504368e-04,-1.900085946545004845e-03,3.977338783442974091e-04,6.528161466121673584e-03,1.086793746799230576e-02,1.341706141829490662e-02,1.014018058776855469e-02,1.037296373397111893e-03,-4.405364859849214554e-03,-6.187803111970424652e-03,-8.057118393480777740e-03,-1.001331117004156113e-02,-8.048343472182750702e-03,-2.162217395380139351e-03,2.231823455076664686e-04,-8.921447442844510078e-04,-1.074386993423104286e-03,-3.235444601159542799e-04,-2.211289684055373073e-04,-7.671404746361076832e-04,-1.048153862939216197e-04,1.765846391208469868e-03,3.380265319719910622e-03,4.738441202789545059e-03,4.557189997285604477e-03,2.836510771885514259e-03,2.228732453659176826e-03,2.733854809775948524e-03,8.512123604305088520e-04,-3.419195301830768585e-03,-2.429684682283550501e-04,1.037989184260368347e-02,1.476715318858623505e-02,1.291881408542394638e-02,1.398255769163370132e-02,1.795838586986064911e-02,1.704049110412597656e-02,1.122887153178453445e-02,1.122887153178453445e-02', '-6.299409084022045135e-03,-6.299409084022045135e-03,-7.140709552913904190e-03,-7.099625188857316971e-03,-6.176156923174858093e-03,-6.687148474156856537e-03,-8.632600307464599609e-03,-1.079485751688480377e-02,-1.317392289638519287e-02,-1.388106308877468109e-02,-1.291627809405326843e-02,-1.040482521057128906e-02,-6.346704903990030289e-03,-3.111261408776044846e-03,-6.984953070059418678e-04,-6.005947361700236797e-04,-2.817559521645307541e-03,-3.488074755296111107e-03,-2.612140262499451637e-03,-1.554870977997779846e-03,-3.162665234412997961e-04,-7.262938888743519783e-04,-2.784953219816088676e-03,-5.173794925212860107e-03,-7.892820052802562714e-03,-7.909293286502361298e-03,-5.223214160650968552e-03,9.050675667822360992e-03,3.491237759590148926e-02,4.094728827476501465e-02,2.715541422367095947e-02,1.035719458013772964e-02,-9.447371587157249451e-03,-1.865079812705516815e-02,-1.725308410823345184e-02,-1.435578893870115280e-02,-9.958910755813121796e-03,-6.019539199769496918e-03,-2.537674969062209129e-03,-1.349651487544178963e-03,-2.455468988046050072e-03,-2.396034076809883118e-03,-1.171346288174390793e-03,-7.473900332115590572e-04,-1.124165137298405170e-03,-4.742507881019264460e-04,1.202353159897029400e-03,2.435371745377779007e-03,3.224804764613509178e-03,3.072942141443490982e-03,1.979783875867724419e-03,1.521893893368542194e-03,1.699271844699978828e-03,4.017475584987550974e-04,-2.370679052546620369e-03,-1.053687901730882004e-05,7.482173386961221695e-03,1.073183771222829819e-02,9.738455526530742645e-03,1.161943655461072922e-02,1.637478172779083252e-02,1.562494318932294846e-02,9.369919076561927795e-03,9.369920007884502411e-03', '2.841201610863208771e-03,2.841201610863208771e-03,6.209322251379489899e-03,5.159055348485708237e-03,-3.095990978181362152e-04,9.679115610197186470e-04,8.991586975753307343e-03,7.902574725449085236e-03,-2.299127168953418732e-03,-9.455030784010887146e-03,-1.356513611972332001e-02,-1.223906688392162323e-02,-5.476821679621934891e-03,-1.020434312522411346e-03,1.130095450207591057e-03,4.600544634740799665e-04,-3.030557185411453247e-03,-3.873351728543639183e-03,-2.068328903988003731e-03,-5.697743617929518223e-04,6.223121890798211098e-04,-2.929784357547760010e-03,-1.122606452554464340e-02,-1.928901858627796173e-02,-2.711864933371543884e-02,-2.604854106903076172e-02,-1.607869751751422882e-02,2.152468450367450714e-02,8.676160126924514771e-02,9.670682251453399658e-02,5.136035382747650146e-02,9.697008877992630005e-03,-2.828321419656276703e-02,-4.084345698356628418e-02,-2.798372320830821991e-02,-1.668549701571464539e-02,-6.948780268430709839e-03,-2.860862063243985176e-03,-4.421742167323827744e-03,-4.920138977468013763e-03,-4.356051795184612274e-03,-3.096088068559765816e-03,-1.140247331932187080e-03,-2.251175465062260628e-04,-3.506986540742218494e-04,-2.128402047674171627e-05,7.631263579241931438e-04,1.490815542638301849e-03,2.161783399060368538e-03,2.340621780604124069e-03,2.027330221608281136e-03,1.538379816338419914e-03,8.737701573409140110e-04,9.900748409563675523e-05,-7.859082543291151524e-04,2.041467087110504508e-05,2.517976099625229836e-03,3.608599305152893066e-03,3.292283974587917328e-03,3.979499451816082001e-03,5.670246202498674393e-03,5.515628959983587265e-03,3.515646792948246002e-03,3.515646792948246002e-03', '3.417534520849585533e-03,3.417534520849585533e-03,6.714257411658763885e-03,3.445737296715378761e-03,-6.388025358319282532e-03,-6.019455380737781525e-03,4.551447462290525436e-03,5.490597337484359741e-03,-3.202007384970784187e-03,-9.354060515761375427e-03,-1.296556182205677032e-02,-1.135609392076730728e-02,-4.525658208876848221e-03,-3.750458126887679100e-04,1.095742802135646343e-03,-1.219872501678764820e-05,-3.698870306834578514e-03,-4.342130851000547409e-03,-1.941980095580220222e-03,-3.499836311675608158e-04,4.338588914833962917e-04,-2.210209611803293228e-03,-8.282189257442951202e-03,-2.062822692096233368e-02,-3.924832493066787720e-02,-4.172218590974807739e-02,-2.804981730878353119e-02,2.591356262564659119e-02,1.201679483056068420e-01,1.400920450687408447e-01,8.568584173917770386e-02,3.110027126967906952e-02,-2.366466261446475983e-02,-4.378898069262504578e-02,-2.927267737686634064e-02,-1.738785021007061005e-02,-8.134497329592704773e-03,-3.758623031899333000e-03,-4.260227549821138382e-03,-3.922221716493368149e-03,-2.744605997577309608e-03,-1.607858692295849323e-03,-5.119795678183436394e-04,3.597461181925609708e-05,3.600381023716181517e-05,1.572581968503072858e-04,3.997377352789044380e-04,7.402574992738664150e-04,1.178817357867956161e-03,1.437517232261598110e-03,1.516357297077775002e-03,1.123998430557549000e-03,2.604408946353942156e-04,-1.195323566207662225e-04,-1.592126136529259384e-05,3.588087565731257200e-05,3.587405808502808213e-05,5.902610791963525116e-05,1.053370360750705004e-04,2.235060237580910325e-04,4.135330964345484972e-04,5.395225016400218010e-04,6.014742539264261723e-04,6.014742539264261723e-04', '-4.570410586893558502e-03,-4.570410586893558502e-03,-5.625904072076082230e-03,-1.223957911133766174e-02,-2.441143617033958435e-02,-2.764924801886081696e-02,-2.195301838219165802e-02,-1.803078874945640564e-02,-1.588256470859050751e-02,-1.357815228402614594e-02,-1.111755426973104477e-02,-7.755908183753490448e-03,-3.493214026093482971e-03,-1.175095792859792709e-03,-8.015534258447587490e-04,-2.017354359850287437e-03,-4.822498653084039688e-03,-4.894411657005548477e-03,-2.233093837276101112e-03,-8.954987861216068268e-04,-8.816264453344047070e-04,1.432430814020335674e-03,6.046672817319631577e-03,-9.191419929265975952e-03,-4.428184777498245239e-02,-5.493023246526718140e-02,-4.113657772541046143e-02,2.221731096506118774e-02,1.351314187049865723e-01,1.711029410362243652e-01,1.301318705081939697e-01,7.456698268651962280e-02,4.408279433846473694e-03,-2.748736366629600525e-02,-2.111994661390781403e-02,-1.646284572780132294e-02,-1.351606100797653198e-02,-8.712822571396827698e-03,-2.053130185231566429e-03,1.644100295379757881e-03,2.378868637606501579e-03,2.068654401227831841e-03,7.134571205824613571e-04,3.588640538509935141e-05,3.594221925595775247e-05,6.137585296528413892e-05,1.121872992371208966e-04,1.836974406614899635e-04,2.759062917903065681e-04,3.636287292465567589e-04,4.468647821340709925e-04,2.787498815450817347e-04,-1.407159579684957862e-04,-2.538719563744962215e-04,-6.071812094887718558e-05,3.586172897485084832e-05,3.586761158658191562e-05,8.311874262290075421e-05,1.776151184458285570e-04,3.514563140925019979e-04,6.046423222869634628e-04,6.966241053305566311e-04,6.274016341194510460e-04,6.274016341194510460e-04', '-6.962093990296125412e-03,-6.962094455957412720e-03,-7.897237315773963928e-03,-1.302167121320962906e-02,-2.233539521694183350e-02,-2.662444300949573517e-02,-2.588881365954875946e-02,-2.275273762643337250e-02,-1.721621677279472351e-02,-1.222970616072416306e-02,-7.793206255882978439e-03,-4.457875620573759079e-03,-2.223713556304574013e-03,-1.172309974208474159e-03,-1.303664757870137691e-03,-2.255983417853713036e-03,-4.029266070574522018e-03,-3.646475030109286308e-03,-1.107609947212040424e-03,1.076709362678229809e-03,2.906482899561524391e-03,4.906973801553249359e-03,7.078181020915508270e-03,-7.639618124812841415e-03,-3.924642503261566162e-02,-5.394945666193962097e-02,-5.174871161580085754e-02,3.927651047706604004e-02,2.191261947154998779e-01,2.920156717300415039e-01,2.579449117183685303e-01,2.031586915254592896e-01,1.276570409536361694e-01,8.893331885337829590e-02,8.698752522468566895e-02,7.224689424037933350e-02,4.471145197749137878e-02,2.538132667541503906e-02,1.425652112811803818e-02,6.292024627327919006e-03,1.487836590968072414e-03,-5.936031229794025421e-04,4.770545274368487298e-05,3.217627527192234993e-04,2.285688387928530574e-04,1.285878097405657172e-04,2.181965464842505753e-05,-6.192661385284736753e-05,-1.226509775733575225e-04,-1.209778347401879728e-04,-5.690716352546587586e-05,-9.890516230370849371e-05,-2.469718456268310547e-04,-2.317796606803312898e-04,-5.332865839591249824e-05,3.590400228858925402e-05,3.591831773519515991e-05,9.583077917341142893e-05,2.156413975171744823e-04,4.119936784263700247e-04,6.848876946605741978e-04,7.746567134745419025e-04,6.813008221797645092e-04,6.813008221797645092e-04', '-3.757516853511333466e-03,-3.757516853511333466e-03,-9.974415297619998455e-05,1.099459477700293064e-03,-1.599056995473802090e-04,-2.945038257166743279e-03,-7.255937904119491577e-03,-8.675247430801391602e-03,-7.202967070043087006e-03,-5.308724008500576019e-03,-2.992518944665789604e-03,-1.461996464058756828e-03,-7.171566248871386051e-04,-3.666881239041686058e-04,-4.105910193175077438e-04,-7.280858699232339859e-04,-1.319172675721347332e-03,-5.983200971968472004e-04,1.434471691027283669e-03,5.566640757024288177e-03,1.179818715900182724e-02,8.213418535888195038e-03,-5.187664646655321121e-03,-1.597282290458679199e-02,-2.414205856621265411e-02,-3.877985849976539612e-02,-5.988622084259986877e-02,7.709116488695144653e-02,3.721522688865661621e-01,5.028302073478698730e-01,4.691249430179595947e-01,4.168754220008850098e-01,3.460816442966461182e-01,3.054730594158172607e-01,2.950497269630432129e-01,2.487413883209228516e-01,1.665480434894561768e-01,9.852381795644760132e-02,4.466872662305831909e-02,1.002155244350433350e-02,-5.417702253907918930e-03,-9.594631381332874298e-03,-2.509234705939888954e-03,8.936036610975861549e-04,6.138836615718901157e-04,3.588940599001944065e-04,1.286348124267533422e-04,3.385310037629096769e-06,-1.685443930909968913e-05,-1.630238875804934651e-05,5.041462827648501843e-06,-8.966660061560105532e-06,-5.832675742567516863e-05,-5.325549136614426970e-05,6.247133569559082389e-06,3.600768832257017493e-05,3.602618016884662211e-05,9.716222848510369658e-05,2.194158296333625913e-04,4.051181313116103411e-04,6.542691262438893318e-04,7.736202678643167019e-04,7.631717016920447350e-04,7.631717016920447350e-04', '-1.932947314344346523e-03,-1.932947314344346523e-03,3.161660162732005119e-03,6.478731520473957062e-03,8.018267340958118439e-03,6.230839993804693222e-03,1.116448896937072277e-03,-1.504819374531507492e-03,-1.632965053431689739e-03,-1.263782847672700882e-03,-3.972728736698627472e-04,3.602823198889382184e-05,3.612043292378075421e-05,3.609365739976055920e-05,3.594790541683323681e-05,3.588620529626496136e-05,3.590855703805573285e-05,1.653046929277479649e-03,4.887301474809646606e-03,1.048904191702604294e-02,1.845826767385005951e-02,1.559534389525651932e-02,1.900269184261560440e-03,-5.508861504495143890e-03,-6.632050033658742905e-03,-1.074352115392684937e-02,-1.784327626228332520e-02,1.609194427728652954e-01,5.255445837974548340e-01,6.939218640327453613e-01,6.660512089729309082e-01,6.253744959831237793e-01,5.718917846679687500e-01,5.398899316787719727e-01,5.293689966201782227e-01,4.480993747711181641e-01,2.960810363292694092e-01,1.744893640279769897e-01,8.332438021898269653e-02,2.496219985187053680e-02,-5.971801001578569412e-04,-9.693287312984466553e-03,-2.326122019439935684e-03,1.208663568831980228e-03,9.110698592849075794e-04,5.807114648632705212e-04,2.175882982555776834e-04,3.602083597797900438e-05,3.600909985834732652e-05,3.600557829486206174e-05,3.601027128752321005e-05,3.601119533414021134e-05,3.600835043471306562e-05,3.600843047024682164e-05,3.601144271669909358e-05,3.603190270951017737e-05,3.606981408665888011e-05,8.186366176232695580e-05,1.734134566504508257e-04,3.182077198289334774e-04,5.162464804016053677e-04,6.214776076376438141e-04,6.339012179523706436e-04,6.339012179523706436e-04', '-1.488385372795164585e-03,-1.488385489210486412e-03,1.886975485831499100e-03,3.116145264357328415e-03,2.199124079197645187e-03,9.031914523802697659e-04,-7.716524414718151093e-04,-1.241453341208398342e-03,-5.062115960754454136e-04,-9.488320210948586464e-05,-7.468283001799136400e-06,3.619866402004845440e-05,3.611763895605690777e-05,3.603544973884709179e-05,3.595209636841900647e-05,3.593277142499573529e-05,3.597747490857727826e-05,3.107625991106033325e-03,9.250879287719726562e-03,1.584391109645366669e-02,2.288672514259815216e-02,2.705274894833564758e-02,2.834198251366615295e-02,2.375226840376853943e-02,1.328360289335250854e-02,3.015955351293087006e-02,7.438012212514877319e-02,2.907613217830657959e-01,6.793031692504882812e-01,8.652906417846679688e-01,8.487237095832824707e-01,8.286559581756591797e-01,8.050875067710876465e-01,7.921839952468872070e-01,7.899453639984130859e-01,6.703208684921264648e-01,4.333104193210601807e-01,2.532779574394226074e-01,1.302234828472137451e-01,5.111396685242652893e-02,1.594940386712551117e-02,-8.895710925571620464e-04,5.970429629087448120e-04,1.266942359507083893e-03,1.120127388276159763e-03,7.940399809740483761e-04,2.886800793930888176e-04,3.597996692406013608e-05,3.593963629100471735e-05,3.594606823753565550e-05,3.599926276365295053e-05,3.602840297389775515e-05,3.603348886827006936e-05,3.601211210479959846e-05,3.596426904550753534e-05,3.597663453547284007e-05,3.604921948863193393e-05,4.993508264306001365e-05,7.763423491269350052e-05,1.512624585302546620e-04,2.708197571337223053e-04,3.182287327945232391e-04,2.934894000645726919e-04,2.934894000645726919e-04', '-9.405906312167644501e-04,-9.405906894244253635e-04,9.462343296036124229e-04,1.085154479369521141e-03,-5.238303565420210361e-04,-1.311476458795368671e-03,-1.277783652767539024e-03,-8.233373519033193588e-04,5.186243288335390389e-05,3.796340897679328918e-04,1.599776442162692547e-04,3.826061220024712384e-05,1.448301645723404363e-05,-6.667472916888073087e-05,-2.052126073976978660e-04,-2.154259564122185111e-04,-9.731476893648505211e-05,2.922909567132592201e-03,8.845247328281402588e-03,1.381432171911001205e-02,1.783013343811035156e-02,2.046341076493263245e-02,2.171415090560913086e-02,1.969372853636741638e-02,1.440213713794946671e-02,7.596791535615921021e-02,2.043910771608352661e-01,4.427941441535949707e-01,7.911771535873413086e-01,9.579452276229858398e-01,9.430983662605285645e-01,9.327625036239624023e-01,9.269377589225769043e-01,9.264459013938903809e-01,9.312869906425476074e-01,8.149560689926147461e-01,5.774528980255126953e-01,3.655735552310943604e-01,1.793180108070373535e-01,6.392519921064376831e-02,1.939513720571994781e-02,-2.343980362638831139e-03,-1.292157219722867012e-03,-6.303210393525660038e-04,-3.584720252547413111e-04,-1.176369041786529124e-04,9.218428749591112137e-05,1.731664378894492984e-04,1.253095251740887761e-04,6.509543163701891899e-05,-7.475815436919219792e-06,-4.581363828037865460e-05,-4.991802779841236770e-05,-5.937891546636819839e-05,-7.419630856020376086e-05,-6.108001980464905500e-05,-2.003007284656632692e-05,7.800433195370715111e-06,2.241150286863557994e-05,5.983570736134424806e-05,1.200730475829914212e-04,1.339464070042595267e-04,1.014557929011061788e-04,1.014557929011061788e-04', '-2.895630605053156614e-04,-2.895630605053156614e-04,3.394367231521755457e-04,3.857591946143656969e-04,-1.505956897744908929e-04,-4.131636815145611763e-04,-4.019447951577603817e-04,-2.504712319932878017e-04,4.125697887502610683e-05,1.597690134076401591e-04,1.050648934324271977e-04,4.221407289151102304e-05,-2.878343730117194355e-05,-2.720368793234229088e-04,-6.875462131574749947e-04,-7.181899854913353920e-04,-3.639681672211736441e-04,1.098897540941834450e-03,3.670407226309180260e-03,4.400271922349929810e-03,3.288491163402795792e-03,-4.172672983258962631e-03,-1.798322051763534546e-02,-1.768447831273078918e-02,-3.276447765529155731e-03,1.266815811395645142e-01,3.721896111965179443e-01,6.170178651809692383e-01,8.611664772033691406e-01,9.718855619430541992e-01,9.491751194000244141e-01,9.376940727233886719e-01,9.374424815177917480e-01,9.426757693290710449e-01,9.533939361572265625e-01,8.820048570632934570e-01,7.285085320472717285e-01,5.113762021064758301e-01,2.306079566478729248e-01,6.339589506387710571e-02,9.740024805068969727e-03,-1.405651494860649109e-02,-7.993722334504127502e-03,-4.483127035200595856e-03,-3.524728585034608841e-03,-2.154319314286112785e-03,-3.718991065397858620e-04,4.475802415981888771e-04,3.041187592316418886e-04,1.234536757692694664e-04,-9.441496513318270445e-05,-2.095149247907102108e-04,-2.218462032033130527e-04,-2.501646522432565689e-04,-2.944702864624559879e-04,-2.551380603108555079e-04,-1.321680610999464989e-04,-4.454029112821444869e-05,7.745253242319449782e-06,4.392746268422342837e-05,6.400634447345510125e-05,6.863065209472551942e-05,5.780038918601348996e-05,5.780038918601348996e-05', '3.593364453990943730e-05,3.593364453990943730e-05,3.601199205149896443e-05,3.604118319344706833e-05,3.602121796575374901e-05,3.600141280912794173e-05,3.598176772356964648e-05,3.596750684664584696e-05,3.595863017835654318e-05,3.103960261796601117e-05,2.121042416547425091e-05,8.875053026713430882e-06,-5.966499884380027652e-06,-1.953291575773619115e-05,-3.182413274771533906e-05,-4.648004251066595316e-04,-1.318461610935628414e-03,-2.009684452787041664e-03,-2.538469154387712479e-03,-9.919545846059918404e-04,2.629859372973442078e-03,1.076304353773593903e-02,2.340759709477424622e-02,7.039749622344970703e-02,1.517327427864074707e-01,3.183372914791107178e-01,5.702111721038818359e-01,7.667516469955444336e-01,9.079586863517761230e-01,8.750389814376831055e-01,6.679925322532653809e-01,5.639207363128662109e-01,5.628236532211303711e-01,6.648920178413391113e-01,8.701258897781372070e-01,9.295986890792846680e-01,8.433104157447814941e-01,6.288616657257080078e-01,2.862523794174194336e-01,7.565920799970626831e-02,-2.917889039963483810e-03,-3.305918723344802856e-02,-1.476467866450548172e-02,-5.231269635260105133e-03,-4.458960145711898804e-03,-2.835656749084591866e-03,-3.613586886785924435e-04,7.259687990881502628e-04,4.263256269041448832e-04,1.529067667433992028e-04,-9.428781777387484908e-05,-2.394314360572025180e-04,-2.825240662787109613e-04,-3.134152793791145086e-04,-3.321050608064979315e-04,-2.914669748861342669e-04,-1.915010216180235147e-04,-9.714518091641366482e-05,-8.399419130000751466e-06,3.597334216465242207e-05,3.597310933400876820e-05,3.597296381485648453e-05,3.597290924517437816e-05,3.597290560719557106e-05', '3.589941843529231846e-05,3.589941843529231846e-05,3.596007081796415150e-05,3.600037962314672768e-05,3.602034485084004700e-05,3.601890421123243868e-05,3.599605770432390273e-05,3.597888644435442984e-05,3.596739043132402003e-05,-6.554165338457096368e-06,-9.158577449852600694e-05,-6.175645103212445974e-05,8.293382416013628244e-05,6.908371578902006149e-04,1.761953579261898994e-03,5.447427975013852119e-04,-2.960794838145375252e-03,-6.402836646884679794e-03,-9.781382046639919281e-03,-2.362357219681143761e-03,1.585423760116100311e-02,6.527055799961090088e-02,1.458866000175476074e-01,2.839396595954895020e-01,4.794297218322753906e-01,6.509350538253784180e-01,7.984558343887329102e-01,8.919953703880310059e-01,9.315537214279174805e-01,6.674054861068725586e-01,9.955056756734848022e-02,-1.885575056076049805e-01,-1.969187259674072266e-01,9.309475123882293701e-02,6.814829111099243164e-01,9.577375650405883789e-01,9.218586087226867676e-01,7.180299162864685059e-01,3.462513089179992676e-01,1.007151454687118530e-01,-1.857860200107097626e-02,-5.935199558734893799e-02,-2.160502411425113678e-02,-2.874748781323432922e-03,-3.161167493090033531e-03,-2.161649521440267563e-03,1.238054974237456918e-04,1.008332124911248684e-03,4.919301718473434448e-04,1.534546900074928999e-04,-7.094374268490355462e-06,-1.355631538899615407e-04,-2.319516206625849009e-04,-2.491307968739420176e-04,-1.871006388682872057e-04,-1.700666907709091902e-04,-1.980289525818079710e-04,-1.500142243457958102e-04,-2.602251333883032203e-05,3.597334216465242207e-05,3.597334216465242207e-05,3.597334216465242207e-05,3.597334580263122916e-05,3.597334580263122916e-05', '5.357293048291467130e-05,5.357293048291467130e-05,8.898538362700492144e-05,1.501936203567311168e-04,2.371976443100720644e-04,2.732918655965477228e-04,2.584763278719037771e-04,1.979237422347068787e-04,9.163407958112657070e-05,3.875792754115536809e-05,3.929527883883565664e-05,4.431650086189620197e-05,5.382161543820984662e-05,6.483039469458162785e-04,1.827763742767274380e-03,7.683837320655584335e-04,-2.529835561290383339e-03,-5.754375830292701721e-03,-8.905236609280109406e-03,3.741685068234801292e-04,2.208383940160274506e-02,9.159509092569351196e-02,2.089079320430755615e-01,4.048337042331695557e-01,6.793724298477172852e-01,8.444234728813171387e-01,8.999869227409362793e-01,9.242864847183227539e-01,9.173220992088317871e-01,5.360498428344726562e-01,-2.195303589105606079e-01,-5.594872236251831055e-01,-4.838206768035888672e-01,-9.037549048662185669e-02,6.208482980728149414e-01,9.610082507133483887e-01,9.301041960716247559e-01,7.240646481513977051e-01,3.428895473480224609e-01,9.058058261871337891e-02,-3.286224231123924255e-02,-7.081427425146102905e-02,-2.327551506459712982e-02,-1.677195250522345304e-04,-1.490892609581351280e-03,-1.307564903981983662e-03,3.822637954726815224e-04,9.737397776916623116e-04,4.668631008826196194e-04,1.592840417288243771e-04,5.100265116197988391e-05,-2.927763125626370311e-05,-8.155679097399115562e-05,-1.551665482111275196e-04,-2.501068811397999525e-04,-3.085776988882571459e-04,-3.305789723526686430e-04,-2.471913467161357403e-04,-5.841481470270082355e-05,3.597345857997424901e-05,3.597345857997424901e-05,3.597346949391067028e-05,3.597349495976231992e-05,3.597349495976231992e-05', '8.895418432075530291e-05,8.895418432075530291e-05,1.950879377545788884e-04,3.786208981182426214e-04,6.395531236194074154e-04,7.478203624486923218e-04,7.034226437099277973e-04,5.218020523898303509e-04,2.029587049037218094e-04,1.669758785283192992e-04,4.138535878155380487e-04,3.270939050707966089e-04,-9.330314060207456350e-05,-1.471324358135461807e-04,1.656061067478731275e-04,2.061224076896905899e-04,-2.558332198532298207e-05,-6.430167559301480651e-05,8.996749966172501445e-05,7.217622362077236176e-03,2.131866291165351868e-02,8.973664045333862305e-02,2.124715596437454224e-01,4.330796599388122559e-01,7.515609264373779297e-01,8.988025188446044922e-01,8.748044967651367188e-01,8.636249303817749023e-01,8.652637600898742676e-01,4.809720218181610107e-01,-2.892502546310424805e-01,-5.488683581352233887e-01,-2.978821694850921631e-01,1.144813150167465210e-01,6.882221102714538574e-01,9.394106864929199219e-01,8.680470585823059082e-01,6.469658613204956055e-01,2.761670649051666260e-01,4.525552317500114441e-02,-4.576880484819412231e-02,-6.744603067636489868e-02,-1.977614685893058777e-02,2.889818511903285980e-03,5.518646794371306896e-04,-2.734028093982487917e-04,4.140161909162998199e-04,6.221919320523738861e-04,3.511244140099734068e-04,1.703948510112240911e-04,8.000325033208355308e-05,7.942511729197576642e-05,1.686604518909007311e-04,-3.152251156279817224e-05,-5.211238167248666286e-04,-7.069999701343476772e-04,-5.891511100344359875e-04,-3.886765625793486834e-04,-1.055763132171705365e-04,3.597369141061790287e-05,3.597345857997424901e-05,3.597334580263122916e-05,3.597335307858884335e-05,3.597335307858884335e-05', '1.931885344674810767e-04,1.931885344674810767e-04,5.077225505374372005e-04,8.336454047821462154e-04,1.170957111753523350e-03,1.356699271127581596e-03,1.390871941111981869e-03,1.079019275493919849e-03,4.211413324810564518e-04,6.141306366771459579e-04,1.657987129874527454e-03,2.094060648232698441e-03,1.922350958921015263e-03,1.435258775018155575e-03,6.327842711471021175e-04,1.305892132222652435e-03,3.454582532867789268e-03,5.982610397040843964e-03,8.889976888895034790e-03,1.823282614350318909e-02,3.401115909218788147e-02,1.238496378064155579e-01,2.877482473850250244e-01,5.173287987709045410e-01,8.125913143157958984e-01,9.203420281410217285e-01,8.405810594558715820e-01,8.175079822540283203e-01,8.511227965354919434e-01,5.786362886428833008e-01,4.846975207328796387e-05,-1.613204181194305420e-01,9.452972561120986938e-02,4.119255244731903076e-01,7.908670306205749512e-01,8.963131904602050781e-01,7.282641530036926270e-01,5.060358643531799316e-01,2.296285182237625122e-01,4.846138134598731995e-02,-3.746554255485534668e-02,-5.814005807042121887e-02,-1.356215681880712509e-02,6.682888604700565338e-03,2.595080062747001648e-03,6.424800376407802105e-04,8.250880637206137180e-04,7.308218628168106079e-04,3.596814640332013369e-04,1.923785894177854061e-04,2.289132971782237291e-04,3.182260843459516764e-04,4.603168927133083344e-04,2.932188799604773521e-04,-1.830679684644564986e-04,-4.330902884248644114e-04,-4.568480944726616144e-04,-3.425517934374511242e-04,-9.020131255965679884e-05,3.597385148168541491e-05,3.597370596253313124e-05,3.597355316742323339e-05,3.597339309635572135e-05,3.597339309635572135e-05', '3.662759845610707998e-04,3.662759845610707998e-04,1.026889309287071228e-03,1.515267184004187584e-03,1.831409754231572151e-03,2.099928678944706917e-03,2.320824190974235535e-03,1.869575236923992634e-03,7.461819332093000412e-04,1.380222151055932045e-03,3.771696006879210472e-03,5.345216486603021622e-03,6.100784055888652802e-03,5.395477637648582458e-03,3.229298163205385208e-03,4.067692905664443970e-03,7.910662330687046051e-03,1.238636020570993423e-02,1.749479025602340698e-02,3.341977670788764954e-02,6.016132608056068420e-02,1.939340829849243164e-01,4.347380399703979492e-01,6.575812101364135742e-01,8.624634742736816406e-01,9.090420007705688477e-01,7.973165512084960938e-01,7.859356403350830078e-01,8.748992085456848145e-01,8.290426135063171387e-01,6.483658552169799805e-01,6.031566262245178223e-01,6.934150457382202148e-01,8.019571900367736816e-01,9.287829399108886719e-01,8.317157030105590820e-01,5.107554197311401367e-01,3.012748062610626221e-01,2.032738924026489258e-01,1.001981571316719055e-01,-7.952448911964893341e-03,-4.289634898304939270e-02,-4.633544012904167175e-03,1.121149025857448578e-02,4.638753831386566162e-03,1.440083608031272888e-03,1.615479355677962303e-03,1.299629569984972477e-03,4.925341927446424961e-04,2.252352569485083222e-04,4.977327771484851837e-04,6.871252553537487984e-04,7.934125605970621109e-04,8.190576918423175812e-04,7.640605908818542957e-04,5.131514044478535652e-04,6.633000884903594851e-05,-1.088170538423582911e-04,-1.228981273015961051e-05,3.597393879317678511e-05,3.597420072765089571e-05,3.597409158828668296e-05,3.597361137508414686e-05,3.597361137508414686e-05', '2.430867752991616726e-04,2.430867752991616726e-04,1.118104904890060425e-03,1.733959186822175980e-03,2.090649446472525597e-03,2.447844948619604111e-03,2.805546158924698830e-03,2.178033581003546715e-03,5.653073894791305065e-04,1.993593527004122734e-03,6.462891586124897003e-03,9.448072873055934906e-03,1.094913762062788010e-02,9.716237895190715790e-03,5.749373696744441986e-03,4.163629841059446335e-03,4.959006793797016144e-03,9.013474918901920319e-03,1.632703654468059540e-02,4.115570709109306335e-02,8.349949121475219727e-02,2.458979934453964233e-01,5.283512473106384277e-01,7.354835271835327148e-01,8.672949075698852539e-01,8.288451433181762695e-01,6.201340556144714355e-01,6.252032518386840820e-01,8.440526127815246582e-01,9.616038203239440918e-01,9.778568148612976074e-01,9.888204932212829590e-01,9.944949746131896973e-01,9.974372386932373047e-01,9.976474046707153320e-01,7.846811413764953613e-01,3.585383594036102295e-01,1.430945247411727905e-01,1.383495926856994629e-01,8.970942348241806030e-02,-2.826005686074495316e-03,-3.275537490844726562e-02,-7.868395186960697174e-05,1.272131782025098801e-02,5.644632969051599503e-03,2.721211174502968788e-03,3.951052669435739517e-03,3.548954380676150322e-03,1.514917123131453991e-03,5.307961255311965942e-04,5.965913878753781319e-04,6.626456161029636860e-04,7.289588102139532566e-04,8.204890764318406582e-04,9.372363565489649773e-04,7.487316033802926540e-04,2.549747005105018616e-04,1.506557873653946444e-05,2.900419531215447932e-05,3.597361501306295395e-05,3.597384056774899364e-05,3.597379327402450144e-05,3.597347313188947737e-05,3.597347313188947737e-05', '-1.763790787663310766e-04,-1.763790933182463050e-04,7.813694537617266178e-04,1.489721238613128662e-03,1.948676072061061859e-03,2.400448080152273178e-03,2.845037495717406273e-03,2.004394074901938438e-03,-1.214822405017912388e-04,2.454244764521718025e-03,9.731574915349483490e-03,1.440263073891401291e-02,1.646741293370723724e-02,1.439753919839859009e-02,8.193011395633220673e-03,1.593703636899590492e-03,-5.400383379310369492e-03,-4.136046860367059708e-03,5.386713426560163498e-03,4.144060984253883362e-02,1.040256470441818237e-01,2.797413766384124756e-01,5.685878396034240723e-01,7.510358691215515137e-01,8.270855545997619629e-01,6.797514557838439941e-01,3.090336918830871582e-01,3.353108465671539307e-01,7.585829496383666992e-01,9.763197898864746094e-01,9.885214567184448242e-01,9.956713318824768066e-01,9.977694153785705566e-01,9.983658194541931152e-01,9.974603652954101562e-01,7.552095055580139160e-01,2.716130316257476807e-01,3.149508684873580933e-02,3.485561162233352661e-02,1.699518226087093353e-02,-2.208621241152286530e-02,-2.771713212132453918e-02,1.024224329739809036e-04,1.121237222105264664e-02,5.612717941403388977e-03,4.485862795263528824e-03,7.831807248294353485e-03,7.478796411305665970e-03,3.426830284297466278e-03,1.109061064198613167e-03,5.254890420474112034e-04,2.447872539050877094e-04,2.669556415639817715e-04,2.975130046252161264e-04,3.364593721926212311e-04,2.736503665801137686e-04,1.090860023396089673e-04,2.909611066570505500e-05,3.368070974829606712e-05,3.597288014134392142e-05,3.597262548282742500e-05,3.597265822463668883e-05,3.597297836677171290e-05,3.597297836677171290e-05', '-2.877200313378125429e-04,-2.877200313378125429e-04,6.153180729597806931e-04,1.283290563151240349e-03,1.716197468340396881e-03,2.132770372554659843e-03,2.533009042963385582e-03,1.924160169437527657e-03,3.062235773541033268e-04,3.312865970656275749e-03,1.094408705830574036e-02,1.635284349322319031e-02,1.953913271427154541e-02,1.732884347438812256e-02,9.721974842250347137e-03,1.987716183066368103e-03,-5.873933900147676468e-03,-2.043877262622117996e-03,1.347788423299789429e-02,6.358726322650909424e-02,1.482842564582824707e-01,3.270232975482940674e-01,5.998044013977050781e-01,6.889214515686035156e-01,5.943744778633117676e-01,4.112270176410675049e-01,1.394791305065155029e-01,2.485948801040649414e-01,7.385742664337158203e-01,9.874410033226013184e-01,9.951950907707214355e-01,9.992064833641052246e-01,9.994751811027526855e-01,9.975458979606628418e-01,9.934185743331909180e-01,7.289369106292724609e-01,2.041008472442626953e-01,-5.127803981304168701e-02,-3.719975426793098450e-02,-3.313183039426803589e-02,-3.907427191734313965e-02,-3.066368773579597473e-02,-7.900075986981391907e-03,2.866514492779970169e-03,1.636084518395364285e-03,3.316345158964395523e-03,7.907296530902385712e-03,7.956328801810741425e-03,3.463442437350749969e-03,9.217051556333899498e-04,3.311171894893050194e-04,3.585930244298651814e-05,3.593147266656160355e-05,3.598746116040274501e-05,3.602727520046755672e-05,3.606320751714520156e-05,3.609526902437210083e-05,3.607670805649831891e-05,3.600752825150266290e-05,3.597271279431879520e-05,3.597226896090433002e-05,3.597227259888313711e-05,3.597272370825521648e-05,3.597272370825521648e-05', '-9.093602420762181282e-05,-9.093602420762181282e-05,6.199506460689008236e-04,1.114667276851832867e-03,1.393213635310530663e-03,1.644811476580798626e-03,1.869460451416671276e-03,1.937331631779670715e-03,1.848424784839153290e-03,4.569457378238439560e-03,1.010042987763881683e-02,1.529870927333831787e-02,2.016429603099822998e-02,1.851014792919158936e-02,1.033626496791839600e-02,5.345667246729135513e-03,3.538355231285095215e-03,1.528998278081417084e-02,4.060054942965507507e-02,1.075956672430038452e-01,2.162753343582153320e-01,3.877437710762023926e-01,6.220009922981262207e-01,5.491402745246887207e-01,1.691617369651794434e-01,2.327177673578262329e-02,1.114704310894012451e-01,3.650553822517395020e-01,7.840266227722167969e-01,9.949674010276794434e-01,9.978777766227722168e-01,9.994260668754577637e-01,9.996122717857360840e-01,9.949775934219360352e-01,9.855219125747680664e-01,7.058632969856262207e-01,1.560017466545104980e-01,-1.052248552441596985e-01,-7.781650125980377197e-02,-6.067161262035369873e-02,-5.379018560051918030e-02,-4.159504175186157227e-02,-2.408617921173572540e-02,-1.231625489890575409e-02,-6.285266950726509094e-03,-7.873417926020920277e-04,4.177519585937261581e-03,4.981551319360733032e-03,1.624753465875983238e-03,-3.127178206341341138e-05,1.347574834653642029e-05,3.586178354453295469e-05,3.588632534956559539e-05,3.591241693357005715e-05,3.594005465856753290e-05,3.597008617362007499e-05,3.600251511670649052e-05,3.600736454245634377e-05,3.598464536480605602e-05,3.597311297198757529e-05,3.597277100197970867e-05,3.597263639676384628e-05,3.597270915633998811e-05,3.597270915633998811e-05', '-3.333959903102368116e-04,-3.333959903102368116e-04,1.719850115478038788e-04,5.087191821075975895e-04,6.768063758499920368e-04,7.020749617367982864e-04,5.845247651450335979e-04,3.455254482105374336e-04,-1.492300361860543489e-05,1.624815515242516994e-03,5.264740902930498123e-03,1.589907892048358917e-02,3.352782875299453735e-02,4.685095697641372681e-02,5.586845800280570984e-02,6.472882628440856934e-02,7.343206554651260376e-02,8.717618137598037720e-02,1.059611812233924866e-01,1.516566276550292969e-01,2.242625355720520020e-01,3.343982100486755371e-01,4.820636808872222900e-01,3.490259051322937012e-01,-6.471505761146545410e-02,-1.320964545011520386e-01,1.468817144632339478e-01,4.638176858425140381e-01,8.187114596366882324e-01,9.953387379646301270e-01,9.936993718147277832e-01,9.942635893821716309e-01,9.970312714576721191e-01,9.923819899559020996e-01,9.803156256675720215e-01,7.592200636863708496e-01,3.290951251983642578e-01,7.544600218534469604e-02,-1.727355644106864929e-03,-5.769701674580574036e-02,-9.246297180652618408e-02,-8.797200769186019897e-02,-4.422411695122718811e-02,-1.783692650496959686e-02,-8.810434490442276001e-03,-2.269695978611707687e-03,1.785289496183395386e-03,2.798394998535513878e-03,7.696201791986823082e-04,-1.746056223055347800e-04,-3.428255877224728465e-05,3.587936953408643603e-05,3.588017716538161039e-05,3.589325933717191219e-05,3.591862332541495562e-05,3.594044392229989171e-05,3.595873567974194884e-05,3.596920578274875879e-05,3.597185786929912865e-05,3.597304021241143346e-05,3.597275645006448030e-05,3.597268005250953138e-05,3.597281101974658668e-05,3.597281101974658668e-05', '-1.015099929645657539e-03,-1.015099929645657539e-03,-7.285788306035101414e-04,-5.345536628738045692e-04,-4.330243973527103662e-04,-6.954391719773411751e-04,-1.321798074059188366e-03,-2.851258264854550362e-03,-5.283819977194070816e-03,-5.521060433238744736e-03,-3.562979400157928467e-03,1.815395057201385498e-02,5.962973460555076599e-02,1.023512631654739380e-01,1.463185548782348633e-01,1.801372021436691284e-01,2.038071900606155396e-01,2.136147171258926392e-01,2.095597684383392334e-01,1.957701444625854492e-01,1.722458600997924805e-01,1.669866293668746948e-01,1.799924820661544800e-01,8.857829868793487549e-02,-1.072558984160423279e-01,-5.487766861915588379e-02,2.457129955291748047e-01,5.448818206787109375e-01,8.426288366317749023e-01,9.885548949241638184e-01,9.826599955558776855e-01,9.837190508842468262e-01,9.917321801185607910e-01,9.897590875625610352e-01,9.777997136116027832e-01,8.890070319175720215e-01,7.233809828758239746e-01,4.907345473766326904e-01,1.910676807165145874e-01,-2.420803904533386230e-02,-1.550926417112350464e-01,-1.697945892810821533e-01,-6.831388920545578003e-02,-1.369549799710512161e-02,-5.939418915659189224e-03,-1.130717573687434196e-03,7.306058541871607304e-04,1.406859373673796654e-03,8.980426355265080929e-04,4.917036276310682297e-04,1.878422626759856939e-04,3.591206041164696217e-05,3.591302811400964856e-05,3.593000292312353849e-05,3.596298120100982487e-05,3.597429167712107301e-05,3.596393435145728290e-05,3.596222086343914270e-05,3.596916212700307369e-05,3.597249451559036970e-05,3.597222530515864491e-05,3.597240356612019241e-05,3.597302929847501218e-05,3.597302929847501218e-05', '-1.029929611831903458e-03,-1.029929611831903458e-03,-8.646857459098100662e-04,-7.865384104661643505e-04,-7.954875472933053970e-04,-1.739903120324015617e-03,-3.619785187765955925e-03,-7.745410781353712082e-03,-1.411677990108728409e-02,2.887625247240066528e-03,4.326780512928962708e-02,1.173547431826591492e-01,2.251484543085098267e-01,2.965510487556457520e-01,3.315625190734863281e-01,3.362303376197814941e-01,3.105544447898864746e-01,2.879930734634399414e-01,2.685461938381195068e-01,2.395681887865066528e-01,2.010591030120849609e-01,1.963389664888381958e-01,2.254077941179275513e-01,2.026283740997314453e-01,1.280007362365722656e-01,1.950786709785461426e-01,4.038621783256530762e-01,6.004526615142822266e-01,7.848501205444335938e-01,8.158448338508605957e-01,6.934368610382080078e-01,7.050135731697082520e-01,8.505750894546508789e-01,9.148432612419128418e-01,8.978182077407836914e-01,8.987043499946594238e-01,9.175016880035400391e-01,7.709900140762329102e-01,4.591694772243499756e-01,1.788802593946456909e-01,-6.987757980823516846e-02,-1.477781832218170166e-01,-5.482153967022895813e-02,-6.075663492083549500e-03,-1.540551776997745037e-03,8.133407682180404663e-04,9.860144928097724915e-04,1.065384596586227417e-03,1.051451079547405243e-03,7.923351367935538292e-04,2.880368265323340893e-04,3.588692197808995843e-05,3.588543768273666501e-05,3.591069253161549568e-05,3.596270107664167881e-05,3.597146132960915565e-05,3.593697692849673331e-05,3.593291694414801896e-05,3.595928501454181969e-05,3.597237082431092858e-05,3.597217437345534563e-05,3.597245449782349169e-05,3.597320755943655968e-05,3.597320755943655968e-05', '-3.778850659728050232e-04,-3.778850659728050232e-04,-2.363357489230111241e-04,-2.472350897733122110e-04,-4.105831321794539690e-04,-2.431316999718546867e-03,-6.309436634182929993e-03,-1.433693245053291321e-02,-2.651380375027656555e-02,2.685087174177169800e-02,1.457570940256118774e-01,3.135014474391937256e-01,5.300839543342590332e-01,6.294502615928649902e-01,6.116003990173339844e-01,5.330082178115844727e-01,3.936738371849060059e-01,3.103112578392028809e-01,2.829204201698303223e-01,2.830507457256317139e-01,3.107022643089294434e-01,4.224552214145660400e-01,6.183096170425415039e-01,6.911761760711669922e-01,6.410548686981201172e-01,6.177725791931152344e-01,6.213293075561523438e-01,6.305302381515502930e-01,6.453753709793090820e-01,4.772086739540100098e-01,1.260300576686859131e-01,1.581470966339111328e-01,5.735598802566528320e-01,7.676344513893127441e-01,7.403709888458251953e-01,7.883118987083435059e-01,9.114571809768676758e-01,9.162124991416931152e-01,8.025780320167541504e-01,5.515679121017456055e-01,1.631822139024734497e-01,-2.192276902496814728e-02,-3.747066482901573181e-03,5.022578872740268707e-03,4.386167041957378387e-03,3.562479047104716301e-03,2.551515353843569756e-03,1.773970900103449821e-03,1.229845453053712845e-03,7.272888324223458767e-04,2.663010964170098305e-04,3.580395059543661773e-05,3.579739859560504556e-05,3.583534271456301212e-05,3.591778295231051743e-05,3.593195287976413965e-05,3.587786341086030006e-05,3.588128674891777337e-05,3.594223016989417374e-05,3.597266913857311010e-05,3.597260365495458245e-05,3.597282920964062214e-05,3.597334216465242207e-05,3.597334216465242207e-05', '2.258107997477054596e-05,2.258107633679173887e-05,1.468096888856962323e-04,7.435755833284929395e-05,-1.947753189597278833e-04,-1.710410346277058125e-03,-4.472547676414251328e-03,-1.177052594721317291e-02,-2.360434457659721375e-02,8.247766643762588501e-02,3.064755201339721680e-01,5.291012525558471680e-01,7.503549456596374512e-01,8.029485344886779785e-01,6.868819594383239746e-01,5.413287878036499023e-01,3.662889897823333740e-01,2.641999423503875732e-01,2.350616306066513062e-01,2.535081803798675537e-01,3.195396363735198975e-01,4.989330768585205078e-01,7.916885614395141602e-01,9.273475408554077148e-01,9.059100747108459473e-01,8.480807542800903320e-01,7.538595795631408691e-01,6.433765292167663574e-01,5.166316628456115723e-01,2.393507063388824463e-01,-1.884663552045822144e-01,-1.064938008785247803e-01,4.852684140205383301e-01,6.661581993103027344e-01,4.361755847930908203e-01,4.288886785507202148e-01,6.442975401878356934e-01,8.069203495979309082e-01,9.167572259902954102e-01,7.729558944702148438e-01,3.755162358283996582e-01,1.355362683534622192e-01,5.301596596837043762e-02,9.954717941582202911e-03,6.352527067065238953e-03,3.890742780640721321e-03,2.569365547969937325e-03,1.605211291462182999e-03,9.982800111174583435e-04,5.304128862917423248e-04,2.016101061599329114e-04,5.211541065364144742e-05,8.192885434255003929e-05,5.829703877680003643e-05,-1.878001057775691152e-05,-5.996551044518128037e-05,-6.525945354951545596e-05,-4.193661516183055937e-05,1.000300835585221648e-05,3.597290560719557106e-05,3.597308023017831147e-05,3.597327668103389442e-05,3.597349859774112701e-05,3.597349859774112701e-05', '1.714687823550775647e-04,1.714687823550775647e-04,2.847505384124815464e-04,1.782395702321082354e-04,-1.480641512898728251e-04,4.228166944812983274e-04,1.890882034786045551e-03,-4.619111132342368364e-05,-5.388403311371803284e-03,1.697680056095123291e-01,5.254230499267578125e-01,7.641541957855224609e-01,8.859614133834838867e-01,8.170457482337951660e-01,5.574072003364562988e-01,3.611918985843658447e-01,2.283998280763626099e-01,1.496591418981552124e-01,1.249698176980018616e-01,1.509404927492141724e-01,2.275711596012115479e-01,4.257725775241851807e-01,7.455447316169738770e-01,9.111426472663879395e-01,9.225663542747497559e-01,8.860031366348266602e-01,8.014529943466186523e-01,6.389915943145751953e-01,3.986189961433410645e-01,1.022709980607032776e-01,-2.500523328781127930e-01,-8.890910446643829346e-02,5.857006907463073730e-01,6.104143857955932617e-01,-1.476808637380599976e-02,-1.795653104782104492e-01,1.160226911306381226e-01,4.431135058403015137e-01,8.017072081565856934e-01,8.430441617965698242e-01,5.671244859695434570e-01,3.245989382266998291e-01,1.154675632715225220e-01,8.720753714442253113e-03,4.358527716249227524e-03,1.798131619580090046e-03,1.039564842358231544e-03,5.591059452854096889e-04,3.567547828424721956e-04,2.017074148170650005e-04,9.396384848514571786e-05,8.482130215270444751e-05,1.742797903716564178e-04,1.032957879942841828e-04,-1.281306758755818009e-04,-2.517209504730999470e-04,-2.674749703146517277e-04,-1.975207851501181722e-04,-4.185838406556285918e-05,3.597308023017831147e-05,3.597360409912653267e-05,3.597380054998211563e-05,3.597366958274506032e-05,3.597366958274506032e-05', '1.446134119760245085e-04,1.446133974241092801e-04,1.656853855820372701e-04,7.415862637571990490e-05,-1.299669092986732721e-04,2.001930261030793190e-03,6.469850428402423859e-03,1.869462616741657257e-02,3.867625817656517029e-02,2.506257593631744385e-01,6.545431613922119141e-01,8.853868246078491211e-01,9.431567192077636719e-01,7.923412322998046875e-01,4.329404234886169434e-01,2.050554603338241577e-01,1.086863502860069275e-01,5.352949723601341248e-02,3.958491235971450806e-02,6.251619011163711548e-02,1.223233416676521301e-01,2.761147320270538330e-01,5.238904356956481934e-01,6.651468873023986816e-01,6.998841762542724609e-01,7.474853992462158203e-01,8.079505562782287598e-01,7.253766655921936035e-01,4.997637271881103516e-01,2.703649997711181641e-01,3.718047589063644409e-02,1.889171004295349121e-01,7.255748510360717773e-01,6.855540871620178223e-01,6.885483115911483765e-02,-1.143904626369476318e-01,1.358182132244110107e-01,4.429089426994323730e-01,8.068817257881164551e-01,8.754372596740722656e-01,6.485754847526550293e-01,4.031076431274414062e-01,1.390336751937866211e-01,5.239129532128572464e-03,1.723999739624559879e-03,-1.616242298041470349e-05,1.864287332864478230e-05,3.602129072532989085e-05,3.597283284761942923e-05,-1.845890255935955793e-05,-1.272739173145964742e-04,-7.617206574650481343e-05,1.348466466879472136e-04,1.157453953055664897e-04,-1.334757980657741427e-04,-2.686332736629992723e-04,-2.897270605899393559e-04,-2.162121963920071721e-04,-4.808869925909675658e-05,3.597337126848287880e-05,3.597401155275292695e-05,3.597413160605356097e-05,3.597372779040597379e-05,3.597372415242716670e-05', '-5.798506754217669368e-05,-5.798506754217669368e-05,-2.103857841575518250e-04,-2.378852950641885400e-04,-1.404835929861292243e-04,3.026930615305900574e-03,9.264357388019561768e-03,4.445192962884902954e-02,1.085896417498588562e-01,3.250509500503540039e-01,6.938358545303344727e-01,8.927991390228271484e-01,9.219408035278320312e-01,7.288349270820617676e-01,3.134815692901611328e-01,7.291944324970245361e-02,7.148516830056905746e-03,-2.418899536132812500e-02,-2.109309099614620209e-02,-1.176471076905727386e-02,3.796146949753165245e-03,4.995959997177124023e-02,1.267256587743759155e-01,1.893602609634399414e-01,2.378634363412857056e-01,4.325274229049682617e-01,7.733522653579711914e-01,9.025317430496215820e-01,8.200659155845642090e-01,7.436327338218688965e-01,6.732320785522460938e-01,7.269847989082336426e-01,9.048907756805419922e-01,8.915773034095764160e-01,6.870443224906921387e-01,6.244132518768310547e-01,7.036840915679931641e-01,8.063066005706787109e-01,9.322808384895324707e-01,8.701350688934326172e-01,6.198692917823791504e-01,3.710623979568481445e-01,1.237143278121948242e-01,-4.901550128124654293e-04,-1.551057444885373116e-03,-1.552139292471110821e-03,-4.934003809466958046e-04,3.595740781747736037e-05,3.593415385694243014e-05,-1.300860458286479115e-04,-4.621031985152512789e-04,-4.308646894060075283e-04,-3.637059853645041585e-05,9.564584615873172879e-05,-3.481536259641870856e-05,-1.107025527744553983e-04,-1.320157170994207263e-04,-9.801085252547636628e-05,-8.687938134244177490e-06,3.597377872210927308e-05,3.597430259105749428e-05,3.597426257329061627e-05,3.597366594476625323e-05,3.597366594476625323e-05', '-1.331722596660256386e-04,-1.331722596660256386e-04,-2.515398955438286066e-04,-2.116013056365773082e-04,-1.335645174549426883e-05,2.832076279446482658e-03,8.324697613716125488e-03,7.808491587638854980e-02,2.121127396821975708e-01,4.381219744682312012e-01,7.561125755310058594e-01,8.878580331802368164e-01,8.333582282066345215e-01,6.128613352775573730e-01,2.263675183057785034e-01,1.192346401512622833e-02,-3.047082200646400452e-02,-4.646189510822296143e-02,-3.604975715279579163e-02,-3.510647267103195190e-02,-4.363204166293144226e-02,-5.708776414394378662e-02,-7.547364383935928345e-02,-6.581033021211624146e-02,-2.809782698750495911e-02,2.323099523782730103e-01,7.154130339622497559e-01,9.601178765296936035e-01,9.664245843887329102e-01,9.695299267768859863e-01,9.694338440895080566e-01,9.625645875930786133e-01,9.489220380783081055e-01,9.520981311798095703e-01,9.720927476882934570e-01,9.795523285865783691e-01,9.744769334793090820e-01,9.655504822731018066e-01,9.527730345726013184e-01,7.956570386886596680e-01,4.942023158073425293e-01,2.570854425430297852e-01,8.430632203817367554e-02,-2.301987726241350174e-03,-2.739488612860441208e-03,-2.210265723988413811e-03,-7.143190596252679825e-04,4.786483259522356093e-05,7.628603634657338262e-05,-1.027325415634550154e-04,-4.891909193247556686e-04,-5.444358685053884983e-04,-2.684674691408872604e-04,-1.554891787236556411e-04,-2.055009681498631835e-04,-1.962126261787489057e-04,-1.276241528103128076e-04,-6.100400059949606657e-05,3.647834091680124402e-06,3.597380782593972981e-05,3.597392424126155674e-05,3.597380782593972981e-05,3.597345857997424901e-05,3.597345857997424901e-05', '-8.094817894743755460e-05,-8.094817894743755460e-05,4.222303323331288993e-05,1.530105946585536003e-04,2.514145162422209978e-04,1.417367486283183098e-03,3.650869475677609444e-03,1.195935904979705811e-01,3.492455482482910156e-01,5.898388624191284180e-01,8.413734436035156250e-01,8.705635070800781250e-01,6.774089336395263672e-01,4.444204866886138916e-01,1.715982407331466675e-01,2.206752449274063110e-02,-4.171666689217090607e-03,-1.328920572996139526e-02,-5.285090301185846329e-03,-7.509097922593355179e-03,-1.996122673153877258e-02,-4.502735286951065063e-02,-8.270747214555740356e-02,-1.003649085760116577e-01,-9.799963235855102539e-02,1.468329429626464844e-01,6.341328620910644531e-01,8.981350660324096680e-01,9.388396739959716797e-01,9.480565786361694336e-01,9.257857799530029297e-01,8.956564664840698242e-01,8.576686382293701172e-01,8.671165108680725098e-01,9.240000247955322266e-01,9.510267972946166992e-01,9.481967091560363770e-01,9.206405878067016602e-01,8.683583736419677734e-01,6.520031094551086426e-01,2.715746164321899414e-01,6.117681413888931274e-02,2.080966718494892120e-02,-1.963687827810645103e-04,-1.841293880715966225e-03,-1.990541815757751465e-03,-6.441132281906902790e-04,7.174356869654729962e-05,1.570284803165122867e-04,6.360159750329330564e-05,-2.085370797431096435e-04,-4.168856248725205660e-04,-5.614440306089818478e-04,-6.376596866175532341e-04,-6.455326220020651817e-04,-5.251634865999221802e-04,-2.765523386187851429e-04,-1.051916478900238872e-04,-1.108138167182914913e-05,3.597345857997424901e-05,3.597287650336511433e-05,3.597276008804328740e-05,3.597310933400876820e-05,3.597310933400876820e-05', '-4.762979369843378663e-05,-4.762979733641259372e-05,1.365916396025568247e-04,2.419212542008608580e-04,2.683590864762663841e-04,2.019451232627034187e-03,5.495197605341672897e-03,1.705516725778579712e-01,4.971888661384582520e-01,7.440967559814453125e-01,9.112753272056579590e-01,8.575604557991027832e-01,5.829521417617797852e-01,3.419336676597595215e-01,1.345051378011703491e-01,2.682443521916866302e-02,1.889156550168991089e-02,1.495985314249992371e-02,1.502929907292127609e-02,1.015053130686283112e-02,3.235506592318415642e-04,-2.889165654778480530e-02,-7.749509066343307495e-02,-1.133622676134109497e-01,-1.364931762218475342e-01,8.245792984962463379e-02,5.434910655021667480e-01,8.218513727188110352e-01,9.175388216972351074e-01,9.033253192901611328e-01,7.792108058929443359e-01,6.808332800865173340e-01,6.081929206848144531e-01,6.643680334091186523e-01,8.493586778640747070e-01,9.148651957511901855e-01,8.608874082565307617e-01,7.788915038108825684e-01,6.688774228096008301e-01,4.474057257175445557e-01,1.144763827323913574e-01,-3.861646354198455811e-02,-1.187279354780912399e-02,8.942401036620140076e-04,-3.153607831336557865e-04,-7.288284250535070896e-04,-3.461630258243530989e-04,-8.520191477145999670e-05,5.405492629506625235e-05,5.550280548050068319e-05,-8.085824811132624745e-05,-2.781798248179256916e-04,-5.364619428291916847e-04,-6.856794934719800949e-04,-7.258324767462909222e-04,-6.049268413335084915e-04,-3.229624708183109760e-04,-1.274917885893955827e-04,-1.851476190495304763e-05,3.597334216465242207e-05,3.597252725739963353e-05,3.597241084207780659e-05,3.597299291868694127e-05,3.597299291868694127e-05', '-3.321711483295075595e-05,-3.321711483295075595e-05,3.156591992592439055e-05,5.513069118023850024e-05,3.747720620594918728e-05,4.638327751308679581e-03,1.385768223553895950e-02,2.309591323137283325e-01,6.559426784515380859e-01,9.008957147598266602e-01,9.658181071281433105e-01,8.488488197326660156e-01,5.499877929687500000e-01,3.054009079933166504e-01,1.150882020592689514e-01,2.619419433176517487e-02,3.871887549757957458e-02,3.828527778387069702e-02,2.489341050386428833e-02,1.787241548299789429e-02,1.722229085862636566e-02,-8.680675178766250610e-03,-5.983648449182510376e-02,-1.048024147748947144e-01,-1.435784548521041870e-01,3.918491676449775696e-02,4.434877038002014160e-01,7.312667369842529297e-01,9.025220274925231934e-01,8.353360295295715332e-01,5.297087430953979492e-01,3.180950284004211426e-01,2.004948407411575317e-01,3.438527286052703857e-01,7.481687068939208984e-01,8.710674643516540527e-01,7.125489711761474609e-01,5.403031706809997559e-01,3.543300628662109375e-01,1.818648874759674072e-01,2.290759608149528503e-02,-4.229438677430152893e-02,-1.374106016010046005e-02,9.698389330878853798e-04,1.838310505263507366e-03,1.574874739162623882e-03,1.795314892660826445e-04,-4.229716141708195210e-04,-2.326346293557435274e-04,-1.270289067178964615e-04,-1.061544244294054806e-04,-1.283185265492647886e-04,-1.935212058015167713e-04,-2.995485556311905384e-04,-4.464005469344556332e-04,-4.355025303084403276e-04,-2.668545057531446218e-04,-1.279044226976111531e-04,-1.865230660769157112e-05,3.597345857997424901e-05,3.597287650336511433e-05,3.597276008804328740e-05,3.597310933400876820e-05,3.597310933400876820e-05', '-2.351424700464121997e-05,-2.351424700464121997e-05,-4.579311280394904315e-05,-5.220704406383447349e-05,-4.275604078429751098e-05,5.870311986654996872e-03,1.768699660897254944e-02,2.255658060312271118e-01,6.295067071914672852e-01,8.735895156860351562e-01,9.578142166137695312e-01,8.535241484642028809e-01,5.607194304466247559e-01,3.136224448680877686e-01,1.122331619262695312e-01,1.957793161273002625e-02,3.565674647688865662e-02,3.854705765843391418e-02,2.824886702001094818e-02,2.337786369025707245e-02,2.393405139446258545e-02,3.380950307473540306e-03,-3.828144073486328125e-02,-7.743720710277557373e-02,-1.140863448381423950e-01,3.787323459982872009e-02,3.784415423870086670e-01,6.614522933959960938e-01,8.869053721427917480e-01,8.504287600517272949e-01,5.520223975181579590e-01,2.964976429939270020e-01,8.385449647903442383e-02,2.207262963056564331e-01,7.071130275726318359e-01,8.416309356689453125e-01,6.242799758911132812e-01,4.029583036899566650e-01,1.776659190654754639e-01,3.412426263093948364e-02,-2.766665816307067871e-02,-4.396126791834831238e-02,-1.475956663489341736e-02,7.635494694113731384e-04,2.608081093057990074e-03,2.713845111429691315e-03,1.080841408111155033e-03,1.390622492181137204e-04,-1.114924234570935369e-04,-1.882747455965727568e-04,-9.128473175223916769e-05,-3.103737253695726395e-05,-7.532684776379028335e-06,-7.444516813848167658e-05,-2.317748148925602436e-04,-2.655358694028109312e-04,-1.757282589096575975e-04,-7.878362521296367049e-05,2.529805533413309604e-05,6.581861089216545224e-05,4.277805783203803003e-05,3.017071139765903354e-05,2.799657522700726986e-05,2.799657522700726986e-05', '-1.852119385148398578e-05,-1.852119385148398578e-05,-9.548545494908466935e-05,-8.009195153135806322e-05,2.765933822956867516e-05,5.715404637157917023e-03,1.698314398527145386e-02,1.543716639280319214e-01,4.178809821605682373e-01,6.621782779693603516e-01,8.872635364532470703e-01,8.715865015983581543e-01,6.151471138000488281e-01,3.665983080863952637e-01,1.259400248527526855e-01,6.975648459047079086e-03,9.705183096230030060e-03,1.574518904089927673e-02,2.509566582739353180e-02,2.666687965393066406e-02,2.045883052051067352e-02,7.293218281120061874e-03,-1.282995752990245819e-02,-3.126665204763412476e-02,-4.801686480641365051e-02,7.852289080619812012e-02,3.483526110649108887e-01,6.124079823493957520e-01,8.706890344619750977e-01,9.486036300659179688e-01,8.461517095565795898e-01,6.160411238670349121e-01,2.582719027996063232e-01,2.949887216091156006e-01,7.261916399002075195e-01,8.265554904937744141e-01,5.960804224014282227e-01,3.668569028377532959e-01,1.388849467039108276e-01,4.183844197541475296e-03,-3.724638372659683228e-02,-4.361709952354431152e-02,-1.492831204086542130e-02,2.753717708401381969e-04,1.993951154872775078e-03,2.688082866370677948e-03,2.357766730710864067e-03,1.600899617187678814e-03,4.174815549049526453e-04,-1.282347220694646239e-04,-3.624915188993327320e-05,1.366363449051277712e-05,2.150364343833643943e-05,-1.036933372233761474e-05,-8.195529517251998186e-05,-9.502677130512893200e-05,-4.958375211572274566e-05,1.987061114050447941e-05,1.133363257395103574e-04,1.255088136531412601e-04,5.638807124341838062e-05,1.856626477092504501e-05,1.204339059768244624e-05,1.204339059768244624e-05', '6.231403676792979240e-05,6.231403676792979240e-05,1.147442089859396219e-04,7.143270922824740410e-04,1.861062599346041679e-03,5.042976699769496918e-03,1.026006881147623062e-02,8.822952210903167725e-02,2.389513552188873291e-01,4.854708015918731689e-01,8.277879357337951660e-01,8.993920683860778809e-01,7.002832293510437012e-01,4.534941911697387695e-01,1.590248346328735352e-01,7.833224721252918243e-03,-8.065270958468317986e-05,5.256951786577701569e-03,2.384603768587112427e-02,3.093541972339153290e-02,2.652509510517120361e-02,2.008448727428913116e-02,1.161359995603561401e-02,3.136812010779976845e-03,-5.345874931663274765e-03,7.817310839891433716e-02,2.536937594413757324e-01,4.480614066123962402e-01,6.612760424613952637e-01,8.129722476005554199e-01,9.031500816345214844e-01,7.966547012329101562e-01,4.934861660003662109e-01,4.717758297920227051e-01,7.315236926078796387e-01,7.450169324874877930e-01,5.122556686401367188e-01,3.007062375545501709e-01,1.103687360882759094e-01,7.197749218903481960e-04,-2.824064157903194427e-02,-3.238372504711151123e-02,-1.170947495847940445e-02,-6.341792177408933640e-04,8.421645616181194782e-04,1.771681359969079494e-03,2.154371002689003944e-03,1.689518103376030922e-03,3.771224000956863165e-04,-2.003106055781245232e-04,-4.278094274923205376e-05,3.598093098844401538e-05,3.597502291086129844e-05,2.462421434756834060e-05,1.928506208059843630e-06,-3.229418325645383447e-06,9.150444384431466460e-06,6.675056647509336472e-05,1.695709652267396450e-04,1.774397678673267365e-04,9.035699622472748160e-05,4.305462425691075623e-05,3.553265196387656033e-05,3.553265196387656033e-05', '2.189914521295577288e-04,2.189914521295577288e-04,5.848958971910178661e-04,2.331050112843513489e-03,5.457453895360231400e-03,3.853028407320380211e-03,-2.482226584106683731e-03,2.713938243687152863e-02,9.271785616874694824e-02,3.434671759605407715e-01,7.793872952461242676e-01,9.369408488273620605e-01,8.161277770996093750e-01,5.743100643157958984e-01,2.114876061677932739e-01,2.215065993368625641e-02,6.299238651990890503e-03,7.082345895469188690e-03,2.449998073279857635e-02,3.618348017334938049e-02,4.213284328579902649e-02,4.175475984811782837e-02,3.504922986030578613e-02,2.577318809926509857e-02,1.392662897706031799e-02,3.682389855384826660e-02,9.446500241756439209e-02,1.684125065803527832e-01,2.586663961410522461e-01,4.435347318649291992e-01,7.230175733566284180e-01,8.383383750915527344e-01,7.894973158836364746e-01,7.510876059532165527e-01,7.231093049049377441e-01,5.970152616500854492e-01,3.728055953979492188e-01,2.045062780380249023e-01,9.211729466915130615e-02,2.373205311596393585e-02,-6.494330009445548058e-04,-1.026113517582416534e-02,-5.103055853396654129e-03,-1.965103438124060631e-03,-8.472789195366203785e-04,-3.535963696776889265e-05,4.706543113570660353e-04,4.049175477121025324e-04,-2.325698587810620666e-04,-4.045023815706372261e-04,-1.108801006921567023e-04,3.591451604734174907e-05,3.588145409594289958e-05,3.053547698073089123e-05,1.987658106372691691e-05,9.856196811597328633e-06,4.743280896946089342e-07,6.185624806676059961e-05,1.940019574249163270e-04,2.216114953625947237e-04,1.446848327759653330e-04,1.036357862176373601e-04,9.846435568761080503e-05,9.846435568761080503e-05', '2.795040491037070751e-04,2.795040491037070751e-04,7.664297008886933327e-04,3.646505298092961311e-03,8.919730782508850098e-03,2.414022339507937431e-03,-1.587062142789363861e-02,-1.342378184199333191e-02,9.754538536071777344e-03,2.630178630352020264e-01,7.463662028312683105e-01,9.595831036567687988e-01,9.026685953140258789e-01,6.702168583869934082e-01,2.622278332710266113e-01,4.683681577444076538e-02,2.404381521046161652e-02,2.010979317128658295e-02,3.503474965691566467e-02,5.201780423521995544e-02,7.105895131826400757e-02,7.607346028089523315e-02,6.706134229898452759e-02,5.117633566260337830e-02,2.841845341026782990e-02,2.061580494046211243e-02,2.776839770376682281e-02,3.411380201578140259e-02,3.965202346444129944e-02,1.832590252161026001e-01,4.649348258972167969e-01,6.999487876892089844e-01,8.883009552955627441e-01,8.919270038604736328e-01,7.108269333839416504e-01,5.165959000587463379e-01,3.092337846755981445e-01,1.649830490350723267e-01,8.384366333484649658e-02,3.138186782598495483e-02,7.597657851874828339e-03,-3.185636363923549652e-03,-9.680152288638055325e-04,-3.001995355589315295e-05,-3.716506180353462696e-04,-4.209877806715667248e-04,-1.780315069481730461e-04,-1.690651697572320700e-04,-3.940887690987437963e-04,-2.822223177645355463e-04,1.665340969339013100e-04,3.544970822986215353e-04,2.816666092257946730e-04,8.312121644848957658e-05,-2.411391178611665964e-04,-3.051457460969686508e-04,-1.088986318791285157e-04,5.381159280659630895e-05,1.829849206842482090e-04,2.221150498371571302e-04,1.712019584374502301e-04,1.372862898278981447e-04,1.203680585604161024e-04,1.203680585604161024e-04', '2.438517985865473747e-04,2.438517985865473747e-04,6.593455909751355648e-04,4.660692997276782990e-03,1.224789395928382874e-02,7.259584381245076656e-04,-2.990511432290077209e-02,-3.345996886491775513e-02,-9.938606992363929749e-03,2.441228777170181274e-01,7.287245392799377441e-01,9.673187732696533203e-01,9.599056839942932129e-01,7.412146329879760742e-01,3.112455606460571289e-01,8.189170062541961670e-02,5.315307900309562683e-02,4.433929175138473511e-02,5.545034632086753845e-02,7.843838632106781006e-02,1.133034154772758484e-01,1.230405941605567932e-01,1.076499298214912415e-01,7.934626191854476929e-02,3.812959790229797363e-02,2.954882569611072540e-02,5.360394716262817383e-02,4.516530036926269531e-02,4.232893232256174088e-03,3.214509785175323486e-02,1.289019137620925903e-01,3.814858794212341309e-01,7.898970246315002441e-01,8.942939639091491699e-01,6.946766376495361328e-01,5.037587285041809082e-01,3.215401768684387207e-01,1.821365505456924438e-01,8.554785698652267456e-02,2.366921678185462952e-02,-3.499369136989116669e-03,-1.115722581744194031e-02,6.956462748348712921e-04,5.171071272343397141e-03,2.269049407914280891e-03,6.147969397716224194e-04,2.083136350847780704e-04,-3.243010723963379860e-05,-1.074343235814012587e-04,1.665296149440109730e-04,7.894616574048995972e-04,9.917286224663257599e-04,7.733305101282894611e-04,1.823814382078126073e-04,-7.811185787431895733e-04,-9.482352179475128651e-04,-3.189684357494115829e-04,4.261659705662168562e-05,1.365198550047352910e-04,1.789504458429291844e-04,1.699083659332245588e-04,1.440061314497143030e-04,1.012437569443136454e-04,1.012437569443136454e-04', '1.993458863580599427e-04,1.993458863580599427e-04,5.258410237729549408e-04,4.680979996919631958e-03,1.266476325690746307e-02,2.434038557112216949e-03,-2.601119503378868103e-02,-3.106392547488212585e-02,-1.272415462881326675e-02,1.899000853300094604e-01,5.768088102340698242e-01,8.248417973518371582e-01,9.339990019798278809e-01,7.781299948692321777e-01,3.572347462177276611e-01,1.228047609329223633e-01,7.484008371829986572e-02,5.769566819071769714e-02,7.137150317430496216e-02,1.016050502657890320e-01,1.483963131904602051e-01,1.627727448940277100e-01,1.447343826293945312e-01,1.127318814396858215e-01,6.676522642374038696e-02,5.376848578453063965e-02,7.374165207147598267e-02,5.633239820599555969e-02,1.540725119411945343e-03,-2.357257530093193054e-02,-1.900750026106834412e-02,2.374297976493835449e-01,7.457393407821655273e-01,9.007856845855712891e-01,7.025689482688903809e-01,5.087691545486450195e-01,3.193863034248352051e-01,1.896842271089553833e-01,1.196629106998443604e-01,8.483336120843887329e-02,8.519558608531951904e-02,6.705974787473678589e-02,3.042584285140037537e-02,9.331377223134040833e-03,3.776353551074862480e-03,7.581043173559010029e-04,2.766296674963086843e-04,3.588722756830975413e-05,3.587701939977705479e-05,3.771731571760028601e-04,1.059775589965283871e-03,1.328503480181097984e-03,1.183356624096632004e-03,4.724049649666994810e-04,-8.043515263125300407e-04,-1.102663110941648483e-03,-4.225297889206558466e-04,-3.339593604323454201e-05,6.473844405263662338e-05,1.240829296875745058e-04,1.446375536033883691e-04,1.311520463787019253e-04,8.362641528947278857e-05,8.362641528947278857e-05', '1.459862978663295507e-04,1.459862978663295507e-04,3.659159410744905472e-04,3.707366995513439178e-03,1.017033960670232773e-02,7.538262754678726196e-03,-4.188864491879940033e-03,-6.235653068870306015e-03,1.397895044647157192e-03,1.003494635224342346e-01,2.906190454959869385e-01,5.321521162986755371e-01,8.249486088752746582e-01,7.809630632400512695e-01,4.001954197883605957e-01,1.695760041475296021e-01,8.910484611988067627e-02,6.017892062664031982e-02,8.279822766780853271e-02,1.215177997946739197e-01,1.763376295566558838e-01,1.952699422836303711e-01,1.783147305250167847e-01,1.513331979513168335e-01,1.143253445625305176e-01,9.327478706836700439e-02,8.818151056766510010e-02,6.761509180068969727e-02,3.157551959156990051e-02,1.610600948333740234e-02,2.120656520128250122e-02,2.677805125713348389e-01,7.558279037475585938e-01,9.114022850990295410e-01,7.345037460327148438e-01,5.316270589828491211e-01,3.027721643447875977e-01,1.876260936260223389e-01,1.861888319253921509e-01,2.148743122816085815e-01,2.736825346946716309e-01,2.314652949571609497e-01,8.822257816791534424e-02,1.245089899748563766e-02,4.150262102484703064e-03,8.934393008530605584e-06,2.691653935471549630e-05,3.588682739064097404e-05,3.584525984479114413e-05,3.497083380352705717e-04,9.774760110303759575e-04,1.364821684546768665e-03,1.511745038442313671e-03,9.531917748972773552e-04,-3.108380187768489122e-04,-7.684295414946973324e-04,-4.195827350486069918e-04,-1.742260064929723740e-04,-3.235931217204779387e-05,5.751252319896593690e-05,9.538950689602643251e-05,9.872401278698816895e-05,6.751603359589353204e-05,6.751604087185114622e-05', '1.763307227520272136e-04,1.763307227520272136e-04,4.570504825096577406e-04,2.721317345276474953e-03,6.969130598008632660e-03,7.998554036021232605e-03,5.809586029499769211e-03,5.552088841795921326e-03,7.226062938570976257e-03,4.058389738202095032e-02,1.056255847215652466e-01,3.144102096557617188e-01,6.669377088546752930e-01,7.334042191505432129e-01,5.138096809387207031e-01,3.295725882053375244e-01,1.806929707527160645e-01,1.211983785033226013e-01,1.510888189077377319e-01,1.892098784446716309e-01,2.355615347623825073e-01,2.564993202686309814e-01,2.520231604576110840e-01,2.229881286621093750e-01,1.693941354751586914e-01,1.247904151678085327e-01,8.917693793773651123e-02,5.624318495392799377e-02,2.598915621638298035e-02,9.384419769048690796e-03,6.428979337215423584e-03,2.531180381774902344e-01,7.494515776634216309e-01,8.999384045600891113e-01,7.045785784721374512e-01,5.175270438194274902e-01,3.387836813926696777e-01,2.633072435855865479e-01,2.910977005958557129e-01,3.207708299160003662e-01,3.523266613483428955e-01,2.805077433586120605e-01,1.053140163421630859e-01,1.332202274352312088e-02,4.531752318143844604e-03,4.941026563756167889e-04,1.209074049256742001e-03,1.075424719601869583e-03,9.315460920333862305e-05,-3.430311917327344418e-04,-2.331327996216714382e-04,9.665219113230705261e-05,6.463236059062182903e-04,3.273434413131326437e-04,-8.602883317507803440e-04,-1.202219398692250252e-03,-6.984498468227684498e-04,-2.558440319262444973e-04,1.255979732377454638e-04,2.002450928557664156e-04,-3.190270945196971297e-05,-1.173398995888419449e-04,-5.606649574474431574e-05,-5.606649210676550865e-05', '2.903791610151529312e-04,2.903791319113224745e-04,7.992446771822869778e-04,1.722830696962773800e-03,3.061137162148952484e-03,3.814912168309092522e-03,3.984155133366584778e-03,4.299300722777843475e-03,4.760348703712224960e-03,1.060339063405990601e-02,2.182842418551445007e-02,1.716160774230957031e-01,4.599663317203521729e-01,6.354535222053527832e-01,6.980776190757751465e-01,6.027945876121520996e-01,3.496044874191284180e-01,2.407540529966354370e-01,2.762432992458343506e-01,3.046812713146209717e-01,3.260680437088012695e-01,3.464608490467071533e-01,3.658597171306610107e-01,3.276966512203216553e-01,2.319716066122055054e-01,1.483153700828552246e-01,7.672792673110961914e-02,2.221668325364589691e-02,-1.521836221218109131e-02,-4.373734444379806519e-02,-6.334025412797927856e-02,1.934423148632049561e-01,7.266103625297546387e-01,8.663940429687500000e-01,6.127933859825134277e-01,4.664689898490905762e-01,4.274208545684814453e-01,4.167276918888092041e-01,4.343895316123962402e-01,4.025229513645172119e-01,3.211280107498168945e-01,2.141870707273483276e-01,8.170016109943389893e-02,1.194474752992391586e-02,4.920824430882930756e-03,2.213609172031283379e-03,3.823102219030261040e-03,3.154501086100935936e-03,2.078050747513771057e-04,-1.701045548543334007e-03,-2.572051016613841057e-03,-2.476004883646965027e-03,-1.412907615303993225e-03,-1.405140035785734653e-03,-2.452702494338154793e-03,-2.404032740741968155e-03,-1.259131007827818394e-03,-2.782500232569873333e-04,5.386103293858468533e-04,5.522806313820183277e-04,-2.372391027165576816e-04,-5.170396761968731880e-04,-2.871211909223347902e-04,-2.871211909223347902e-04', '4.438750620465725660e-04,4.438750620465725660e-04,1.259671873413026333e-03,1.578867901116609573e-03,1.401463174261152744e-03,1.942260190844535828e-03,3.201259067282080650e-03,3.443767083808779716e-03,2.669784473255276680e-03,-3.431310644373297691e-03,-1.485951896756887436e-02,8.078823983669281006e-02,2.835119366645812988e-01,4.865320920944213867e-01,6.898487210273742676e-01,7.002575397491455078e-01,5.177587270736694336e-01,4.490367472171783447e-01,4.940916597843170166e-01,5.196918249130249023e-01,5.258371233940124512e-01,5.411749482154846191e-01,5.657052993774414062e-01,5.343371033668518066e-01,4.470703303813934326e-01,3.695668280124664307e-01,3.018265962600708008e-01,2.524633109569549561e-01,2.214769721031188965e-01,1.956847906112670898e-01,1.750867515802383423e-01,3.718999624252319336e-01,7.861243486404418945e-01,8.871732950210571289e-01,6.750467419624328613e-01,5.804258584976196289e-01,6.033106446266174316e-01,6.141381263732910156e-01,6.129081845283508301e-01,5.116083025932312012e-01,3.102385699748992920e-01,1.590929031372070312e-01,5.817138776183128357e-02,5.916723050177097321e-03,2.328911796212196350e-03,1.726706046611070633e-03,4.110106267035007477e-03,3.598689334467053413e-03,1.924552780110388994e-04,-1.879260060377418995e-03,-2.616456709802150726e-03,-2.265287563204765320e-03,-8.257529116235673428e-04,-6.976009462960064411e-04,-1.880831783637404442e-03,-1.861777156591415405e-03,-6.404372979886829853e-04,2.311208518221974373e-04,7.528971764259040356e-04,6.325061549432575703e-04,-1.300522853853181005e-04,-4.325452318880707026e-04,-2.749726991169154644e-04,-2.749726991169154644e-04', '6.368184695020318031e-04,6.368184695020318031e-04,1.838332042098045349e-03,2.289428841322660446e-03,1.990108517929911613e-03,2.380597870796918869e-03,3.460897365584969521e-03,2.985487924888730049e-03,9.543696651235222816e-04,-1.520208548754453659e-03,-4.438246600329875946e-03,4.192668572068214417e-02,1.375745832920074463e-01,2.866400182247161865e-01,4.891229867935180664e-01,6.219615340232849121e-01,6.851556301116943359e-01,7.460464835166931152e-01,8.046339750289916992e-01,8.342413902282714844e-01,8.348688483238220215e-01,8.406416773796081543e-01,8.515598773956298828e-01,8.429093956947326660e-01,8.146902918815612793e-01,7.885447740554809570e-01,7.644729614257812500e-01,7.469830513000488281e-01,7.360751628875732422e-01,7.276508212089538574e-01,7.217100262641906738e-01,7.884909510612487793e-01,9.279935956001281738e-01,9.622761011123657227e-01,8.913385272026062012e-01,8.593975305557250977e-01,8.664531707763671875e-01,8.555385470390319824e-01,8.266537189483642578e-01,6.480270028114318848e-01,3.196583390235900879e-01,1.152252331376075745e-01,3.472768887877464294e-02,-4.762052558362483978e-03,-3.243985818699002266e-03,-9.666063706390559673e-04,2.070086076855659485e-03,2.407989930361509323e-03,4.710521898232400417e-05,-8.776748436503112316e-04,-3.663502575363963842e-04,7.288039196282625198e-04,2.407787600532174110e-03,2.449960913509130478e-03,8.553239749744534492e-04,4.245474701747298241e-04,1.157631515525281429e-03,1.272268593311309814e-03,7.684586453251540661e-04,4.409216926433146000e-04,2.896577643696218729e-04,1.361435279250144958e-04,-1.962104033736977726e-05,-1.962103851838037372e-05', '6.864186725579202175e-04,6.864186143502593040e-04,1.634911750443279743e-03,2.061070175841450691e-03,1.964894123375415802e-03,2.693330403417348862e-03,4.246378783136606216e-03,3.869592677801847458e-03,1.562971621751785278e-03,1.264502527192234993e-03,2.974184928461909294e-03,2.064080163836479187e-02,5.426434800028800964e-02,1.472915858030319214e-01,2.997224926948547363e-01,4.500897228717803955e-01,5.983932018280029297e-01,7.041151523590087891e-01,7.672555446624755859e-01,8.078925013542175293e-01,8.260261416435241699e-01,8.403093814849853516e-01,8.507423400878906250e-01,8.617216944694519043e-01,8.732475042343139648e-01,8.927134871482849121e-01,9.201195836067199707e-01,9.302213191986083984e-01,9.230186343193054199e-01,9.352100491523742676e-01,9.667956233024597168e-01,9.867831468582153320e-01,9.951726198196411133e-01,9.524134993553161621e-01,8.585059046745300293e-01,8.319228291511535645e-01,8.726643919944763184e-01,8.763249516487121582e-01,8.429045081138610840e-01,6.521487832069396973e-01,3.040578961372375488e-01,9.744203835725784302e-02,3.230127692222595215e-02,2.521028800401836634e-04,1.294520683586597443e-03,2.144247759133577347e-03,2.801284892484545708e-03,2.320260740816593170e-03,7.011752459220588207e-04,2.030850737355649471e-04,8.259901660494506359e-04,2.714184345677495003e-03,5.867667496204376221e-03,7.024975027889013290e-03,6.186106242239475250e-03,5.190591327846050262e-03,4.038430750370025635e-03,2.789352089166641235e-03,1.443356042727828026e-03,9.879975114017724991e-04,1.423276495188474655e-03,1.516990363597869873e-03,1.269139233045279980e-03,1.269139233045279980e-03', '5.926755839027464390e-04,5.926755839027464390e-04,6.494107074104249477e-04,8.937923121266067028e-04,1.325820339843630791e-03,2.880457323044538498e-03,5.557703785598278046e-03,6.096081342548131943e-03,4.495590459555387497e-03,4.922822117805480957e-03,7.377776317298412323e-03,1.693058572709560394e-02,3.358124941587448120e-02,6.848679482936859131e-02,1.216472089290618896e-01,1.846420764923095703e-01,2.574713826179504395e-01,3.232428431510925293e-01,3.819564580917358398e-01,4.406451284885406494e-01,4.993088841438293457e-01,5.401780009269714355e-01,5.632526278495788574e-01,5.907739400863647461e-01,6.227419972419738770e-01,6.820728778839111328e-01,7.687665224075317383e-01,8.021780252456665039e-01,7.823073863983154297e-01,8.183625340461730957e-01,9.103435277938842773e-01,9.667764902114868164e-01,9.876613616943359375e-01,8.575854897499084473e-01,5.765487551689147949e-01,4.980017542839050293e-01,6.219444274902343750e-01,6.764973402023315430e-01,6.616605520248413086e-01,5.239738225936889648e-01,2.634372115135192871e-01,1.057433113455772400e-01,5.089214816689491272e-02,2.095918916165828705e-02,1.594443060457706451e-02,1.105926837772130966e-02,6.303702481091022491e-03,3.335501533001661301e-03,2.154665300622582436e-03,1.363019691780209541e-03,9.605645318515598774e-04,3.690853714942932129e-03,9.553886950016021729e-03,1.302744075655937195e-02,1.411151513457298279e-02,1.243635453283786774e-02,8.001959882676601410e-03,4.782371222972869873e-03,2.777589485049247742e-03,2.273733727633953094e-03,3.270803950726985931e-03,3.709995420649647713e-03,3.591308137401938438e-03,3.591308137401938438e-03', '5.122788716107606888e-04,5.122788716107606888e-04,-3.323360288050025702e-04,-3.583778743632137775e-04,4.341533640399575233e-04,2.237728796899318695e-03,5.052348133176565170e-03,5.675273016095161438e-03,4.106503911316394806e-03,5.071523133665323257e-03,8.570330217480659485e-03,1.518059615045785904e-02,2.490231953561306000e-02,2.962095849215984344e-02,2.933651022613048553e-02,4.107145220041275024e-02,6.482578068971633911e-02,9.986820071935653687e-02,1.461987048387527466e-01,2.041311562061309814e-01,2.736655473709106445e-01,3.166785836219787598e-01,3.331703543663024902e-01,3.548303246498107910e-01,3.816585242748260498e-01,4.426630437374114990e-01,5.378439426422119141e-01,5.753906369209289551e-01,5.553032159805297852e-01,5.889767408370971680e-01,6.764112710952758789e-01,7.521386146545410156e-01,8.161588311195373535e-01,6.863437891006469727e-01,3.626934885978698730e-01,2.653209567070007324e-01,3.942261636257171631e-01,4.573233127593994141e-01,4.546123743057250977e-01,3.676277399063110352e-01,1.963694542646408081e-01,8.980790525674819946e-02,4.794307053089141846e-02,2.411208674311637878e-02,1.831494644284248352e-02,1.235630363225936890e-02,6.236158777028322220e-03,2.774573629721999168e-03,1.971547724679112434e-03,1.236457144841551781e-03,5.693017155863344669e-04,3.267074236646294594e-03,9.329774416983127594e-03,1.317656226456165314e-02,1.480743661522865295e-02,1.347686443477869034e-02,9.184845723211765289e-03,5.937508307397365570e-03,3.734852652996778488e-03,3.127681789919734001e-03,4.115995950996875763e-03,4.406750667840242386e-03,3.999946173280477524e-03,3.999946173280477524e-03', '4.452284483704715967e-04,4.452285065781325102e-04,-1.310328603722155094e-03,-1.695440267212688923e-03,-7.101066294126212597e-04,7.651443011127412319e-04,2.730312757194042206e-03,2.607168396934866905e-03,3.957115113735198975e-04,1.710604177787899971e-03,6.551846396178007126e-03,1.539083197712898254e-02,2.822756208479404449e-02,3.069408424198627472e-02,2.279039844870567322e-02,1.937783509492874146e-02,2.045639231801033020e-02,3.399120643734931946e-02,5.998226627707481384e-02,9.835056960582733154e-02,1.490961015224456787e-01,1.698110997676849365e-01,1.604955643415451050e-01,1.538908928632736206e-01,1.499970704317092896e-01,1.744840592145919800e-01,2.273518741130828857e-01,2.498592138290405273e-01,2.420060783624649048e-01,2.470526099205017090e-01,2.649988234043121338e-01,3.428696095943450928e-01,4.806650280952453613e-01,4.386884868144989014e-01,2.169400453567504883e-01,1.338804215192794800e-01,1.895096153020858765e-01,2.188027948141098022e-01,2.217599898576736450e-01,1.831106096506118774e-01,1.028546616435050964e-01,4.963580891489982605e-02,2.345404401421546936e-02,9.710798040032386780e-03,8.406067267060279846e-03,6.035352125763893127e-03,2.598653547465801239e-03,6.374772056005895138e-04,1.518226781627163291e-04,-1.766024797689169645e-04,-3.477982245385646820e-04,1.442845794372260571e-03,5.195329897105693817e-03,7.472338154911994934e-03,8.273871615529060364e-03,8.312121033668518066e-03,7.587088271975517273e-03,6.254762876778841019e-03,4.315145779401063919e-03,3.549842163920402527e-03,3.958852030336856842e-03,3.607255872339010239e-03,2.495052758604288101e-03,2.495052758604288101e-03', '1.778496429324150085e-03,1.778496545739471912e-03,2.453961642459034920e-04,-5.353733431547880173e-04,-5.638118018396198750e-04,1.553549809614196420e-04,1.622126903384923935e-03,7.502535008825361729e-04,-2.460265299305319786e-03,-1.486975117586553097e-03,3.670123871415853500e-03,1.264908909797668457e-02,2.544992044568061829e-02,2.691521681845188141e-02,1.704497821629047394e-02,7.878458127379417419e-03,-5.843454273417592049e-04,1.244323793798685074e-03,1.336446590721607208e-02,3.454125672578811646e-02,6.477469950914382935e-02,7.169942557811737061e-02,5.531543493270874023e-02,3.968710824847221375e-02,2.481444180011749268e-02,2.890302054584026337e-02,5.195283889770507812e-02,6.098130345344543457e-02,5.598841235041618347e-02,5.028050392866134644e-02,4.385758936405181885e-02,1.041841655969619751e-01,2.312602400779724121e-01,2.322505414485931396e-01,1.071550846099853516e-01,5.290623009204864502e-02,6.950399279594421387e-02,8.009226620197296143e-02,8.467103540897369385e-02,7.349288463592529297e-02,4.655779525637626648e-02,2.511084266006946564e-02,9.152022190392017365e-03,1.567948027513921261e-03,2.358620753511786461e-03,1.952046412043273449e-03,3.482252941466867924e-04,-5.023929988965392113e-04,-5.998084088787436485e-04,-6.281306268647313118e-04,-5.873596528545022011e-04,4.070417780894786119e-04,2.355073811486363411e-03,3.474162891507148743e-03,3.764309454709291458e-03,4.306305199861526489e-03,5.100150126963853836e-03,4.819035530090332031e-03,3.462962340563535690e-03,2.829685108736157417e-03,2.919203601777553558e-03,2.414624672383069992e-03,1.315947854891419411e-03,1.315947854891419411e-03', '4.512082785367965698e-03,4.512083251029253006e-03,4.334838129580020905e-03,3.121822839602828026e-03,8.730379631742835045e-04,4.083607345819473267e-04,1.727791037410497665e-03,1.045287499437108636e-04,-4.461426753550767899e-03,-4.521214868873357773e-03,-7.483726221835240722e-05,6.955366116017103195e-03,1.656939461827278137e-02,1.828435622155666351e-02,1.210024952888488770e-02,6.573318503797054291e-03,1.703563728369772434e-03,1.627556746825575829e-03,6.345298141241073608e-03,1.270322035998106003e-02,2.070132456719875336e-02,2.234357222914695740e-02,1.762996241450309753e-02,1.221898756921291351e-02,6.110646761953830719e-03,5.919930059462785721e-03,1.164683699607849121e-02,8.756925351917743683e-03,-2.749807434156537056e-03,-1.339588314294815063e-03,1.298758387565612793e-02,3.608227521181106567e-02,6.794448196887969971e-02,6.702992320060729980e-02,3.333858400583267212e-02,2.239838428795337677e-02,3.420932963490486145e-02,4.119169712066650391e-02,4.334548860788345337e-02,3.877454251050949097e-02,2.747885324060916901e-02,1.623300649225711823e-02,5.037004128098487854e-03,-3.164622175972908735e-04,1.726076443446800113e-04,1.063861782313324511e-04,-5.151264485903084278e-04,-6.450369837693870068e-04,-2.833453472703695297e-04,-1.181272309622727334e-04,-1.493825839133933187e-04,1.596620568307116628e-04,8.090067422017455101e-04,1.182036590762436390e-03,1.278751646168529987e-03,1.459416584111750126e-03,1.724031521007418633e-03,1.630326849408447742e-03,1.178302569314837456e-03,9.672102169133722782e-04,9.970497339963912964e-04,8.288567187264561653e-04,4.626311711035668850e-04,4.626311711035668850e-04', '4.679278470575809479e-03,4.679278470575809479e-03,4.782749339938163757e-03,3.582839155569672585e-03,1.079548848792910576e-03,3.891916276188567281e-05,4.609499301295727491e-04,-1.436345279216766357e-03,-5.652966909110546112e-03,-5.887180101126432419e-03,-2.138986717909574509e-03,3.052695887163281441e-03,9.687867015600204468e-03,1.129283569753170013e-02,7.867600768804550171e-03,4.733769223093986511e-03,1.891341526061296463e-03,1.149150310084223747e-03,2.507195807993412018e-03,2.006868133321404457e-03,-3.518326557241380215e-04,-9.549192618578672409e-04,1.976080675376579165e-04,-1.471567229600623250e-04,-1.989213749766349792e-03,-2.674156799912452698e-03,-2.201986499130725861e-03,-7.107687648385763168e-03,-1.739126071333885193e-02,-1.399094797670841217e-02,3.093254286795854568e-03,4.760513082146644592e-03,-8.989172056317329407e-03,-1.231878716498613358e-02,-5.228334572166204453e-03,4.117659758776426315e-03,1.571919582784175873e-02,2.096251025795936584e-02,1.984760165214538574e-02,1.797895319759845734e-02,1.535656210035085678e-02,1.049781218171119690e-02,3.402705537155270576e-03,-4.748297942569479346e-05,1.472471340093761683e-04,1.261992147192358971e-04,-1.106265917769633234e-04,-9.840246639214456081e-05,1.628717000130563974e-04,2.291245764354243875e-04,1.003561919787898660e-04,3.597241811803542078e-05,3.597325849113985896e-05,3.597336035454645753e-05,3.597272007027640939e-05,3.597238537622615695e-05,3.597234535845927894e-05,3.597245085984468460e-05,3.597269460442475975e-05,3.597281829570420086e-05,3.597281829570420086e-05,3.597281829570420086e-05,3.597281829570420086e-05,3.597281829570420086e-05', '2.280083252117037773e-03,2.280083252117037773e-03,1.589129678905010223e-03,8.476755465380847454e-04,5.572101872530765831e-05,-9.529697126708924770e-04,-2.178396563977003098e-03,-3.872368484735488892e-03,-6.034885998815298080e-03,-5.584870930761098862e-03,-2.522324211895465851e-03,9.410786442458629608e-04,4.805337637662887573e-03,5.940655712038278580e-03,4.347032401710748672e-03,2.359809819608926773e-03,-2.101194695569574833e-05,-1.908957056002691388e-04,1.850158791057765484e-03,2.452200045809149742e-03,1.615228597074747086e-03,1.803951803594827652e-03,3.018369432538747787e-03,2.588672563433647156e-03,5.148607888258993626e-04,3.120759502053260803e-03,1.040636748075485229e-02,1.338746491819620132e-02,1.206404902040958405e-02,1.232642866671085358e-02,1.417460292577743530e-02,1.021888200193643570e-02,4.592660116031765938e-04,-5.795584525913000107e-03,-8.545669727027416229e-03,-1.935943262651562691e-03,1.403359603136777878e-02,1.940470002591609955e-02,1.417736988514661789e-02,1.110611017793416977e-02,1.019092090427875519e-02,7.905258797109127045e-03,4.249125719070434570e-03,2.374885836616158485e-03,2.282539149746298790e-03,2.011485397815704346e-03,1.561724813655018806e-03,1.137510524131357670e-03,7.388427620753645897e-04,4.136248026043176651e-04,1.618566748220473528e-04,3.597284376155585051e-05,3.597333488869480789e-05,3.597321847337298095e-05,3.597249815356917679e-05,3.597226168494671583e-05,3.597250179154798388e-05,3.597267277655191720e-05,3.597277100197970867e-05,3.597281829570420086e-05,3.597281829570420086e-05,3.597281829570420086e-05,3.597281829570420086e-05,3.597281829570420086e-05', '8.193571120500564575e-04,8.193571120500564575e-04,3.233012648706790060e-06,-3.809366025961935520e-04,-3.331516345497220755e-04,-1.077692606486380100e-03,-2.614559372887015343e-03,-3.808792214840650558e-03,-4.660390783101320267e-03,-4.047433380037546158e-03,-1.969919307157397270e-03,4.573092155624181032e-06,1.876043737865984440e-03,2.695590490475296974e-03,2.463213866576552391e-03,1.282231882214546204e-03,-8.473555208183825016e-04,-1.044264528900384903e-03,6.915047997608780861e-04,1.670279772952198982e-03,1.892060390673577785e-03,2.448406303301453590e-03,3.339317394420504570e-03,2.971076406538486481e-03,1.343683106824755669e-03,4.535371437668800354e-03,1.254613976925611496e-02,1.773527450859546661e-02,2.010277099907398224e-02,1.913521811366081238e-02,1.483261398971080780e-02,9.755775332450866699e-03,3.904700512066483498e-03,-1.851320033892989159e-03,-7.512286771088838577e-03,-3.525536274537444115e-03,1.010893285274505615e-02,1.415104325860738754e-02,8.600797504186630249e-03,5.792030133306980133e-03,5.724742077291011810e-03,4.965074360370635986e-03,3.513026516884565353e-03,2.698545809835195541e-03,2.521632239222526550e-03,2.224589698016643524e-03,1.807418419048190117e-03,1.325593329966068268e-03,7.791142561472952366e-04,3.883992030750960112e-04,1.534481125418096781e-04,3.597270551836118102e-05,3.597297109081409872e-05,3.597271279431879520e-05,3.597193062887527049e-05,3.597175600589253008e-05,3.597218164941295981e-05,3.597250179154798388e-05,3.597271279431879520e-05,3.597281829570420086e-05,3.597281829570420086e-05,3.597281829570420086e-05,3.597281829570420086e-05,3.597281829570420086e-05', '2.971003414131700993e-04,2.971003414131700993e-04,2.505922384443692863e-05,-1.029972481774166226e-04,-8.706907101441174746e-05,-3.352494968567043543e-04,-8.475384674966335297e-04,-1.245616120286285877e-03,-1.529482193291187286e-03,-1.274867332540452480e-03,-4.817715089302510023e-04,2.431792963761836290e-04,8.999850251711905003e-04,1.557640149258077145e-03,2.216144930571317673e-03,1.501034945249557495e-03,-5.876892246305942535e-04,-1.410956145264208317e-03,-9.687661076895892620e-04,-3.388931800145655870e-04,4.786624340340495110e-04,9.784441208466887474e-04,1.160451793111860752e-03,1.000054762698709965e-03,4.972529131919145584e-04,1.569678308442234993e-03,4.217330832034349442e-03,5.935740191489458084e-03,6.724905222654342651e-03,6.435421761125326157e-03,5.067288875579833984e-03,3.371192375198006630e-03,1.347132027149200439e-03,-4.859937471337616444e-04,-2.128185005858540535e-03,-6.511191022582352161e-04,3.945203963667154312e-03,5.201538093388080597e-03,3.117884043604135513e-03,2.036713296547532082e-03,1.958026085048913956e-03,1.677257707342505455e-03,1.194407697767019272e-03,9.234970784746110439e-04,8.645257912576198578e-04,7.655115332454442978e-04,6.264543626457452774e-04,4.658459220081567764e-04,2.836861822288483381e-04,1.534477050881832838e-04,7.513052696594968438e-05,3.597201430238783360e-05,3.597216709749773145e-05,3.597183604142628610e-05,3.597101749619469047e-05,3.597086833906359971e-05,3.597138857003301382e-05,3.597194154281169176e-05,3.597252725739963353e-05,3.597281829570420086e-05,3.597281829570420086e-05,3.597281829570420086e-05,3.597281829570420086e-05,3.597281829570420086e-05', '2.971003414131700993e-04,2.971003414131700993e-04,2.505922384443692863e-05,-1.029972481774166226e-04,-8.706907101441174746e-05,-3.352494968567043543e-04,-8.475384674966335297e-04,-1.245616120286285877e-03,-1.529482193291187286e-03,-1.274867332540452480e-03,-4.817715089302510023e-04,2.431792963761836290e-04,8.999850251711905003e-04,1.557640149258077145e-03,2.216144930571317673e-03,1.501034945249557495e-03,-5.876892246305942535e-04,-1.410956145264208317e-03,-9.687661076895892620e-04,-3.388931800145655870e-04,4.786624340340495110e-04,9.784441208466887474e-04,1.160451793111860752e-03,1.000054762698709965e-03,4.972529131919145584e-04,1.569678308442234993e-03,4.217330832034349442e-03,5.935740191489458084e-03,6.724905222654342651e-03,6.435421761125326157e-03,5.067288875579833984e-03,3.371192375198006630e-03,1.347132027149200439e-03,-4.859937471337616444e-04,-2.128185005858540535e-03,-6.511191022582352161e-04,3.945203963667154312e-03,5.201538093388080597e-03,3.117884043604135513e-03,2.036713296547532082e-03,1.958026085048913956e-03,1.677257707342505455e-03,1.194407697767019272e-03,9.234970784746110439e-04,8.645257912576198578e-04,7.655115332454442978e-04,6.264543626457452774e-04,4.658459220081567764e-04,2.836861822288483381e-04,1.534477050881832838e-04,7.513052696594968438e-05,3.597201430238783360e-05,3.597216709749773145e-05,3.597183604142628610e-05,3.597101749619469047e-05,3.597086833906359971e-05,3.597138857003301382e-05,3.597194154281169176e-05,3.597252725739963353e-05,3.597281829570420086e-05,3.597281829570420086e-05,3.597281829570420086e-05,3.597281829570420086e-05,3.597281829570420086e-05']]