1.037927228026092052e-03,1.037927344441413879e-03,-1.653943443670868874e-03,-1.306244754232466221e-03,2.081023296341300011e-03,3.292266046628355980e-03,2.327483147382736206e-03,-1.400573062710464001e-03,-7.891902700066566467e-03,-5.819745827466249466e-03,4.815896973013877869e-03,7.484604138880968094e-03,2.186375204473733902e-03,-5.791918374598026276e-04,-8.120971033349633217e-04,2.147762279491871595e-04,2.501427894458174706e-03,3.120055887848138809e-03,2.070659538730978966e-03,-4.041921347379684448e-04,-4.304499831050634384e-03,1.146032154792919755e-04,1.285311672836542130e-02,2.458449080586433411e-02,3.530872985720634460e-02,3.109161183238029480e-02,1.193314231932163239e-02,3.809022950008511543e-03,6.719254888594150543e-03,6.307527422904968262e-03,2.573841484263539314e-03,-5.686660733772441745e-05,-1.584596699103713036e-03,-9.453475358895957470e-04,1.860881107859313488e-03,1.643215189687907696e-03,-1.598344650119543076e-03,-1.196545432321727276e-03,2.848613075911998749e-03,3.181554377079010010e-03,-1.977219944819808006e-04,-8.412239258177578449e-04,1.251048408448696136e-03,4.270626232028007507e-03,8.217508904635906219e-03,5.565791390836238861e-03,-3.684526542201638222e-03,-6.949335802346467972e-03,-4.228636156767606735e-03,5.027559818699955940e-04,7.244841195642948151e-03,6.975708063691854477e-03,-3.046430938411504030e-04,-2.569936448708176613e-03,1.798282319214195013e-04,3.652858315035700798e-03,7.849153131246566772e-03,6.388280540704727173e-03,-7.297613192349672318e-04,-1.879124320112168789e-03,2.940191421657800674e-03,4.756630863994359970e-03,3.570194356143474579e-03,3.570194123312830925e-03
1.037927228026092052e-03,1.037927344441413879e-03,-1.653943443670868874e-03,-1.306244754232466221e-03,2.081023296341300011e-03,3.292266046628355980e-03,2.327483147382736206e-03,-1.400573062710464001e-03,-7.891902700066566467e-03,-5.819745827466249466e-03,4.815896973013877869e-03,7.484604138880968094e-03,2.186375204473733902e-03,-5.791918374598026276e-04,-8.120971033349633217e-04,2.147762279491871595e-04,2.501427894458174706e-03,3.120055887848138809e-03,2.070659538730978966e-03,-4.041921347379684448e-04,-4.304499831050634384e-03,1.146032154792919755e-04,1.285311672836542130e-02,2.458449080586433411e-02,3.530872985720634460e-02,3.109161183238029480e-02,1.193314231932163239e-02,3.809022950008511543e-03,6.719254888594150543e-03,6.307527422904968262e-03,2.573841484263539314e-03,-5.686660733772441745e-05,-1.584596699103713036e-03,-9.453475358895957470e-04,1.860881107859313488e-03,1.643215189687907696e-03,-1.598344650119543076e-03,-1.196545432321727276e-03,2.848613075911998749e-03,3.181554377079010010e-03,-1.977219944819808006e-04,-8.412239258177578449e-04,1.251048408448696136e-03,4.270626232028007507e-03,8.217508904635906219e-03,5.565791390836238861e-03,-3.684526542201638222e-03,-6.949335802346467972e-03,-4.228636156767606735e-03,5.027559818699955940e-04,7.244841195642948151e-03,6.975708063691854477e-03,-3.046430938411504030e-04,-2.569936448708176613e-03,1.798282319214195013e-04,3.652858315035700798e-03,7.849153131246566772e-03,6.388280540704727173e-03,-7.297613192349672318e-04,-1.879124320112168789e-03,2.940191421657800674e-03,4.756630863994359970e-03,3.570194356143474579e-03,3.570194123312830925e-03
-2.274256432428956032e-03,-2.274256432428956032e-03,4.196936206426471472e-04,1.709238160401582718e-03,1.594377565197646618e-03,1.838878728449344635e-03,2.442741766571998596e-03,2.976905670948326588e-04,-4.596274811774492264e-03,-2.949524670839309692e-03,5.237941164523363113e-03,7.348952349275350571e-03,3.383508184924721718e-03,9.226436959579586983e-04,-3.364079748280346394e-05,1.464817090891301632e-03,5.418017506599426270e-03,7.036444731056690216e-03,6.320098415017127991e-03,1.079409499652683735e-03,-8.685622364282608032e-03,-6.734559778124094009e-03,6.932596676051616669e-03,2.003816328942775726e-02,3.258214145898818970e-02,2.848274074494838715e-02,7.739959284663200378e-03,1.006098231300711632e-03,8.281157352030277252e-03,9.725927375257015228e-03,5.340407602488994598e-03,2.302067819982767105e-03,6.109079113230109215e-04,1.281861681491136551e-03,4.314929712563753128e-03,4.853087943047285080e-03,2.896337537094950676e-03,1.114510465413331985e-03,-4.923931555822491646e-04,-2.538613509386777878e-03,-5.024150013923645020e-03,-4.071270115673542023e-03,3.200263599865138531e-04,2.723009791225194931e-03,3.137680469080805779e-03,5.064768251031637192e-03,8.504274301230907440e-03,1.037026382982730865e-02,1.066273823380470276e-02,1.012287102639675140e-02,8.750663138926029205e-03,5.841753445565700531e-03,1.396141829900443554e-03,-4.456614260561764240e-04,3.163437359035015106e-04,2.145923208445310593e-03,5.043076816946268082e-03,4.850573837757110596e-03,1.568413455970585346e-03,7.354074623435735703e-04,2.351555740460753441e-03,4.351990297436714172e-03,6.736711598932743073e-03,6.736711598932743073e-03
-2.778014633804559708e-03,-2.778014633804559708e-03,1.678548753261566162e-03,3.030932741239666939e-03,1.279137795791029930e-03,1.065563410520553589e-03,2.390209818258881569e-03,1.363358809612691402e-03,-2.014989731833338737e-03,-1.277736271731555462e-03,3.575118491426110268e-03,4.807428456842899323e-03,2.419193275272846222e-03,1.169107621535658836e-03,1.057171495631337166e-03,2.843750175088644028e-03,6.528843194246292114e-03,7.834070362150669098e-03,6.759431678801774979e-03,1.979760359972715378e-03,-6.504944059997797012e-03,-6.096770521253347397e-03,3.204279346391558647e-03,1.359245833009481430e-02,2.506776526570320129e-02,2.162348665297031403e-02,3.259618999436497688e-03,-2.314944285899400711e-03,4.899797029793262482e-03,7.858666591346263885e-03,6.561663001775741577e-03,4.785316530615091324e-03,2.529627643525600433e-03,2.938449848443269730e-03,6.011783145368099213e-03,6.594945210963487625e-03,4.687936510890722275e-03,2.094811527058482170e-03,-1.184429042041301727e-03,-3.181087318807840347e-03,-3.895163070410490036e-03,-2.688055625185370445e-03,4.402353079058229923e-04,2.033570315688848495e-03,2.091948874294757843e-03,5.920703522861003876e-03,1.351983472704887390e-02,1.617040857672691345e-02,1.387242414057254791e-02,1.078946143388748169e-02,6.921519525349140167e-03,4.036356229335069656e-03,2.133970847353339195e-03,7.682630675844848156e-04,-6.076749559724703431e-05,5.091340281069278717e-04,2.477967645972967148e-03,3.290025983005762100e-03,2.945309272035956383e-03,2.730640349909663200e-03,2.646019216626882553e-03,3.117005806416273117e-03,4.143600352108478546e-03,4.143599886447191238e-03
-4.733469104394316673e-04,-4.733469104394316673e-04,2.122621983289718628e-03,2.658838871866464615e-03,1.135304104536771774e-03,9.723201510496437550e-04,2.169887069612741470e-03,1.796431490220129490e-03,-1.480468345107510686e-04,-8.043809793889522552e-04,-1.725711917970329523e-04,-1.399671018589287996e-04,-7.065690006129443645e-04,1.601998665137216449e-04,2.460339572280645370e-03,4.351574927568435669e-03,5.833906121551990509e-03,5.512934643775224686e-03,3.388660028576850891e-03,2.296860329806804657e-03,2.237535314634442329e-03,2.027970738708972931e-03,1.668165670707821846e-03,5.247376393526792526e-03,1.276560313999652863e-02,1.051385141909122467e-02,-1.507878769189119339e-03,-6.154104135930538177e-03,-3.424825146794319153e-03,7.057453040033578873e-04,6.237606517970561981e-03,7.392879109829664230e-03,4.171562846750020981e-03,4.024417139589786530e-03,6.951441988348960876e-03,6.868787109851837158e-03,3.776451572775840759e-03,1.744357869029045105e-03,7.725057075731456280e-04,1.254132715985178947e-03,3.189238952472805977e-03,3.308419603854417801e-03,1.611675368621945381e-03,2.202306874096393585e-03,5.080314818769693375e-03,8.133597671985626221e-03,1.136215496808290482e-02,1.045109704136848450e-02,5.400423426181077957e-03,2.502527553588151932e-03,1.757409889250993729e-03,1.559515367262065411e-03,1.908843987621366978e-03,1.071837032213807106e-03,-9.515054989606142044e-04,-1.257509458810091019e-03,1.538251817692071199e-04,1.706636976450681686e-03,3.400926012545824051e-03,4.106574691832065582e-03,3.823582082986831665e-03,1.051677158102393150e-03,-4.209140781313180923e-03,-4.209140781313180923e-03
1.418053405359387398e-03,1.418053405359387398e-03,3.245540661737322807e-03,2.856734208762645721e-03,2.516343665774911642e-04,-4.824274510610848665e-04,6.545486394315958023e-04,1.296338392421603203e-03,1.442941720597445965e-03,7.088360143825411797e-04,-9.059789008460938931e-04,-1.536057912744581699e-03,-1.181401079520583153e-03,1.871867571026086807e-04,2.569705713540315628e-03,4.170272964984178543e-03,4.988888744264841080e-03,2.024556277319788933e-03,-4.722724203020334244e-03,-2.568204421550035477e-03,8.488114923238754272e-03,1.334689185023307800e-02,1.200812403112649918e-02,1.268945820629596710e-02,1.539089344441890717e-02,1.019830908626317978e-02,-2.888293936848640442e-03,-7.602229714393615723e-03,-3.943496849387884140e-03,4.006174858659505844e-04,5.430113524198532104e-03,6.425416097044944763e-03,3.386525437235832214e-03,3.175875404849648476e-03,5.793465767055749893e-03,5.377027206122875214e-03,1.926558790728449821e-03,1.078287023119628429e-03,2.832211786881089211e-03,4.228130448609590530e-03,5.266043823212385178e-03,4.265180323272943497e-03,1.225539715960621834e-03,1.478243269957602024e-03,5.023290868848562241e-03,6.723355967551469803e-03,6.578438915312290192e-03,4.602595698088407516e-03,7.958260830491781235e-04,-8.262947667390108109e-04,-2.637667348608374596e-04,6.866962648928165436e-04,2.025094116106629372e-03,1.643671304918825626e-03,-4.575724597088992596e-04,-9.902938036248087883e-04,4.550716403173282743e-05,1.257700962014496326e-03,2.646287437528371811e-03,3.337117843329906464e-03,3.330192528665065765e-03,3.996589657617732882e-05,-6.533562205731868744e-03,-6.533562205731868744e-03
2.896186430007219315e-03,2.896186430007219315e-03,5.047304555773735046e-03,3.624618751928210258e-03,-1.371871330775320530e-03,-3.298679366707801819e-03,-2.155805705115199089e-03,-1.369205710943788290e-04,2.757975831627845764e-03,3.261914709582924843e-03,1.374895451590418816e-03,6.191562861204147339e-04,9.946970967575907707e-04,1.250068307854235172e-03,1.385269802995026112e-03,2.299844054505228996e-03,3.993791062384843826e-03,-2.631064038723707199e-03,-1.757472194731235504e-02,-1.261543389409780502e-02,1.224679592996835709e-02,2.785999141633510590e-02,3.422415256500244141e-02,3.591870144009590149e-02,3.294363617897033691e-02,2.067686058580875397e-02,-8.816266199573874474e-04,-6.659320089966058731e-03,3.343781922012567520e-03,6.943282671272754669e-03,4.139182157814502716e-03,1.882926444523036480e-03,1.745150657370686531e-04,3.928243822883814573e-04,2.537854481488466263e-03,2.119665499776601791e-03,-8.617422427050769329e-04,9.659889474278315902e-05,4.994689021259546280e-03,5.740906577557325363e-03,2.335252007469534874e-03,1.822258345782756805e-04,-7.181716500781476498e-04,-1.386211079079657793e-04,1.920877373777329922e-03,1.689979806542396545e-03,-8.313140715472400188e-04,-1.375096384435892105e-03,5.863248952664434910e-05,8.029944729059934616e-04,8.579895948059856892e-04,1.417898572981357574e-03,2.482721582055091858e-03,2.483765827491879463e-03,1.421031658537685871e-03,1.310780993662774563e-03,2.153013600036501884e-03,1.943217823281884193e-03,6.813931395299732685e-04,4.222707357257604599e-04,1.165850553661584854e-03,8.187225466826930642e-05,-2.829664386808872223e-03,-2.829664153978228569e-03
1.438952283933758736e-03,1.438952400349080563e-03,4.565037321299314499e-03,3.494907869026064873e-03,-1.771436771377921104e-03,-3.906432073563337326e-03,-2.910078270360827446e-03,-4.389358218759298325e-04,3.506995504721999168e-03,4.706293810158967972e-03,3.158957930281758308e-03,2.715934766456484795e-03,3.377223853021860123e-03,3.258567536249756813e-03,2.359965583309531212e-03,-1.316979469265788794e-04,-4.216422792524099350e-03,-1.375881023705005646e-02,-2.875885926187038422e-02,-3.762233071029186249e-03,6.123106926679611206e-02,8.946571499109268188e-02,8.094170689582824707e-02,6.407640874385833740e-02,3.886982053518295288e-02,1.266985572874546051e-02,-1.452349033206701279e-02,-1.637619175016880035e-02,7.111753802746534348e-03,1.578841917216777802e-02,9.653804823756217957e-03,4.749440588057041168e-03,1.075328211300075054e-03,-9.732117177918553352e-06,1.494259806349873543e-03,1.204673782922327518e-03,-8.784901001490652561e-04,4.583007830660790205e-04,5.215046461671590805e-03,5.459122359752655029e-03,1.190528389997780323e-03,-4.968329449184238911e-04,3.970383841078728437e-04,7.804220076650381088e-04,6.533180712722241879e-04,-8.883919217623770237e-04,-3.844707971438765526e-03,-2.803650917485356331e-03,2.234779065474867821e-03,4.564756527543067932e-03,4.186281003057956696e-03,3.590300213545560837e-03,2.776813693344593048e-03,1.660271314904093742e-03,2.406730200164020061e-04,5.772383883595466614e-04,2.669967012479901314e-03,2.448773011565208435e-03,-8.634441473986953497e-05,-8.537762332707643509e-04,1.464774832129478455e-04,5.061904084868729115e-04,2.253625134471803904e-04,2.253624988952651620e-04
-2.953649265691637993e-03,-2.953649032860994339e-03,1.798739423975348473e-03,2.467601792886853218e-03,-9.470619843341410160e-04,-2.305685775354504585e-03,-1.608269521966576576e-03,3.902925818692892790e-04,3.690000623464584351e-03,5.041972734034061432e-03,4.446208942681550980e-03,4.754277877509593964e-03,5.966179538518190384e-03,6.212684325873851776e-03,5.493792705237865448e-03,-3.124352777376770973e-03,-1.964175328612327576e-02,-3.135868161916732788e-02,-3.827514126896858215e-02,2.399139851331710815e-02,1.554409265518188477e-01,1.981640607118606567e-01,1.521607786417007446e-01,9.716257452964782715e-02,3.316944837570190430e-02,-1.382270734757184982e-02,-4.381388425827026367e-02,-3.675284236669540405e-02,7.360418327152729034e-03,2.693602629005908966e-02,2.197397872805595398e-02,1.502495910972356796e-02,6.088964641094207764e-03,1.968205906450748444e-03,2.662681974470615387e-03,2.632051706314086914e-03,1.876315101981163025e-03,2.163392724469304085e-03,3.493284340947866440e-03,3.382778028026223183e-03,1.831873320043087006e-03,2.228003926575183868e-03,4.571169614791870117e-03,4.235372412949800491e-03,1.220612786710262299e-03,-1.011758926324546337e-03,-2.461742842569947243e-03,3.169321571476757526e-04,7.324265781790018082e-03,1.045899093151092529e-02,9.721107780933380127e-03,7.203900720924139023e-03,2.907370449975132942e-03,-8.268124074675142765e-04,-3.998648375272750854e-03,-3.190921386703848839e-03,1.596367568708956242e-03,2.774366410449147224e-03,3.430747310630977154e-04,-4.910229472443461418e-04,2.720732591114938259e-04,1.312920358031988144e-03,2.631518058478832245e-03,2.631518058478832245e-03
-4.025520756840705872e-03,-4.025520756840705872e-03,-5.923148128204047680e-04,1.208069967105984688e-03,1.375634106807410717e-03,9.640077478252351284e-04,-2.680867328308522701e-05,6.859893328510224819e-04,3.102401969954371452e-03,4.108371678739786148e-03,3.703898750245571136e-03,4.089049994945526123e-03,5.263824947178363800e-03,6.117062177509069443e-03,6.648761685937643051e-03,-2.335401251912117004e-03,-2.083542756736278534e-02,-1.724973693490028381e-02,8.421665057539939880e-03,1.235621571540832520e-01,3.281717300415039062e-01,4.092346131801605225e-01,3.667508065700531006e-01,3.017489910125732422e-01,2.142291516065597534e-01,1.104583814740180969e-01,-9.563301689922809601e-03,-4.459833726286888123e-02,5.353275686502456665e-03,2.856673486530780792e-02,2.504204213619232178e-02,1.757846958935260773e-02,6.176018621772527695e-03,9.034916874952614307e-04,1.760887913405895233e-03,2.540193265303969383e-03,3.241407684981822968e-03,1.554721151478588581e-03,-2.519866684451699257e-03,7.756541890557855368e-05,9.347016923129558563e-03,1.053784973919391632e-02,3.650065278634428978e-03,1.488857553340494633e-03,4.054227378219366074e-03,4.254451952874660492e-03,2.089531160891056061e-03,1.305109821259975433e-03,1.901187933981418610e-03,2.764475066214799881e-03,3.894971683621406555e-03,3.088972996920347214e-03,3.464797628112137318e-04,-2.395420102402567863e-03,-5.136726889759302139e-03,-3.473459975793957710e-03,2.594379708170890808e-03,3.804409643635153770e-03,1.566297578392550349e-04,-7.035166490823030472e-04,1.223970204591751099e-03,2.363424748182296753e-03,2.714846283197402954e-03,2.714846516028046608e-03
-1.776662655174732208e-03,-1.776662655174732208e-03,-2.608125098049640656e-03,-2.836873754858970642e-04,5.196651443839073181e-03,5.902648437768220901e-03,1.834304071962833405e-03,4.481544310692697763e-04,1.744199427776038647e-03,1.905490411445498466e-03,9.320273529738187790e-04,7.202507695183157921e-04,1.270160661078989506e-03,2.971701091155409813e-03,5.824871826916933060e-03,2.235156483948230743e-03,-7.797445636242628098e-03,2.856802195310592651e-02,1.113315597176551819e-01,2.949500381946563721e-01,5.794234871864318848e-01,7.226774096488952637e-01,7.247117757797241211e-01,6.778356432914733887e-01,5.820489525794982910e-01,3.855131268501281738e-01,8.822825551033020020e-02,-3.991267457604408264e-02,1.090324716642498970e-03,2.068054676055908203e-02,1.885798946022987366e-02,1.240997202694416046e-02,1.336490269750356674e-03,-3.203874453902244568e-03,-1.211122376844286919e-03,9.290984598919749260e-04,3.216787939891219139e-03,-1.367713557556271553e-03,-1.282440684735774994e-02,-4.456515423953533173e-03,2.373595722019672394e-02,2.443270385265350342e-02,-2.366274595260620117e-03,-7.459122687578201294e-03,9.154161438345909119e-03,1.491024065762758255e-02,9.809114038944244385e-03,1.608821039553731680e-04,-1.403445471078157425e-02,-1.851879060268402100e-02,-1.329212728887796402e-02,-8.754483424127101898e-03,-4.905858542770147324e-03,-3.045551711693406105e-03,-3.173562232404947281e-03,-2.703772333916276693e-04,5.664003081619739532e-03,5.538902711123228073e-03,-6.456793053075671196e-04,-1.491257338784635067e-03,3.002168377861380577e-03,3.657703520730137825e-03,4.753473040182143450e-04,4.753473622258752584e-04
-1.048092031851410866e-03,-1.048092031851410866e-03,-1.885492121800780296e-03,1.943710958585143089e-05,4.666696302592754364e-03,5.481103435158729553e-03,2.462659962475299835e-03,1.113431178964674473e-03,1.433416968211531639e-03,8.469976601190865040e-04,-6.458268035203218460e-04,-1.579300806042738259e-05,2.737098839133977890e-03,4.647399298846721649e-03,5.715107079595327377e-03,-2.439850009977817535e-03,-1.981747150421142578e-02,4.477787017822265625e-02,1.913461834192276001e-01,4.171249270439147949e-01,7.221141457557678223e-01,8.878018856048583984e-01,9.141881465911865234e-01,8.871609568595886230e-01,8.067201375961303711e-01,5.697005391120910645e-01,1.761021316051483154e-01,-6.938297301530838013e-03,2.057925797998905182e-02,3.251824527978897095e-02,2.887866646051406860e-02,1.860281266272068024e-02,1.690682605840265751e-03,-5.963214207440614700e-03,-4.358878359198570251e-03,-8.638862520456314087e-03,-1.880316622555255890e-02,-2.720846422016620636e-02,-3.385475650429725647e-02,8.649911731481552124e-03,1.003055423498153687e-01,1.422054767608642578e-01,1.343497186899185181e-01,1.458197236061096191e-01,1.766154766082763672e-01,1.776479929685592651e-01,1.489173024892807007e-01,9.632147103548049927e-02,1.986047439277172089e-02,-1.652734354138374329e-02,-1.284198556095361710e-02,-9.208102710545063019e-03,-5.625692196190357208e-03,-3.386426018550992012e-03,-2.490303944796323776e-03,1.171409850940108299e-03,7.598715834319591522e-03,6.639208644628524780e-03,-1.707112183794379234e-03,-3.082167822867631912e-03,2.514041494578123093e-03,3.154265228658914566e-03,-1.161496737040579319e-03,-1.161496620625257492e-03
-1.839808654040098190e-03,-1.839808770455420017e-03,1.575584406964480877e-03,2.117443364113569260e-03,-2.142315206583589315e-04,-3.006263868883252144e-04,1.858259318396449089e-03,2.681819722056388855e-03,2.170054474845528603e-03,9.328933665528893471e-04,-1.029663719236850739e-03,1.880918513052165508e-03,9.664639830589294434e-03,1.114415656775236130e-02,6.319467443972826004e-03,-1.636042073369026184e-02,-5.689550563693046570e-02,3.137981146574020386e-02,2.484655529260635376e-01,4.900868535041809082e-01,7.562438249588012695e-01,9.046081304550170898e-01,9.351799488067626953e-01,9.297248721122741699e-01,8.882427811622619629e-01,6.630206108093261719e-01,2.540583014488220215e-01,5.432479083538055420e-02,6.382007896900177002e-02,6.407983601093292236e-02,5.510406941175460815e-02,3.615698963403701782e-02,7.238595746457576752e-03,-7.374527864158153534e-03,-7.682380732148885727e-03,-2.616368979215621948e-02,-6.281845271587371826e-02,-7.596752792596817017e-02,-6.561092287302017212e-02,3.939684852957725525e-02,2.390557676553726196e-01,3.638561666011810303e-01,4.137980639934539795e-01,4.613253772258758545e-01,5.064381361007690430e-01,4.924677014350891113e-01,4.194141030311584473e-01,2.897868752479553223e-01,1.035859733819961548e-01,8.738818578422069550e-03,5.245395004749298096e-03,1.728115254081785679e-03,-1.813020789995789528e-03,-3.418043255805969238e-03,-3.086952026933431625e-03,8.519014227204024792e-04,8.398517034947872162e-03,7.105327211320400238e-03,-3.027669154107570648e-03,-5.476247984915971756e-03,-2.404108090559020638e-04,8.531101047992706299e-04,-2.195685636252164841e-03,-2.195685636252164841e-03
-1.915897475555539131e-03,-1.915897475555539131e-03,4.043074790388345718e-03,4.253613762557506561e-03,-1.284281257539987564e-03,-2.318527083843946457e-03,1.150876632891595364e-03,3.594956360757350922e-03,5.013711750507354736e-03,3.588396590203046799e-03,-6.809898186475038528e-04,1.642926945351064205e-03,1.056014653295278549e-02,1.409024279564619064e-02,1.223321538418531418e-02,-1.696410775184631348e-02,-7.350172102451324463e-02,5.573368631303310394e-03,2.202611863613128662e-01,4.330176115036010742e-01,6.438426971435546875e-01,7.675617337226867676e-01,8.041747212409973145e-01,8.357533216476440430e-01,8.622974753379821777e-01,6.998766064643859863e-01,3.484905958175659180e-01,1.535175740718841553e-01,1.149575114250183105e-01,8.318683505058288574e-02,5.820552632212638855e-02,3.279233351349830627e-02,6.947257556021213531e-03,-2.364266663789749146e-03,4.857762716710567474e-03,3.415951505303382874e-03,-6.689704488962888718e-03,2.169407159090042114e-02,8.856726437807083130e-02,2.320913970470428467e-01,4.522664546966552734e-01,5.903850793838500977e-01,6.464473605155944824e-01,6.954785585403442383e-01,7.374787330627441406e-01,7.188041210174560547e-01,6.394549012184143066e-01,4.771020710468292236e-01,2.317456752061843872e-01,8.494670689105987549e-02,3.670514747500419617e-02,6.678525358438491821e-03,-5.133165046572685242e-03,-8.906687609851360321e-03,-4.642043262720108032e-03,1.283368910662829876e-03,8.869549259543418884e-03,7.452421821653842926e-03,-2.968012820929288864e-03,-5.515248980373144150e-03,-1.892871077870950103e-04,1.559025375172495842e-03,-2.703116042539477348e-04,-2.703114878386259079e-04
-1.276358263567090034e-03,-1.276358263567090034e-03,5.516979377716779709e-03,6.427947897464036942e-03,1.456547062844038010e-03,-5.725983646698296070e-04,3.405118186492472887e-04,3.852840978652238846e-03,9.964388795197010040e-03,8.813506923615932465e-03,4.001948400400578976e-04,-7.297676056623458862e-04,5.423619411885738373e-03,1.348565891385078430e-02,2.345634996891021729e-02,-4.250912927091121674e-03,-6.963612884283065796e-02,-3.264145925641059875e-02,1.067331060767173767e-01,2.459172010421752930e-01,3.849108219146728516e-01,4.766625761985778809e-01,5.211724042892456055e-01,6.052463054656982422e-01,7.288842201232910156e-01,6.802684664726257324e-01,4.593990147113800049e-01,2.906400561332702637e-01,1.739915758371353149e-01,8.983923494815826416e-02,3.818303719162940979e-02,8.508847095072269440e-03,8.166678599081933498e-04,9.067569859325885773e-03,3.326155245304107666e-02,8.010005950927734375e-02,1.495830863714218140e-01,2.657763361930847168e-01,4.286797940731048584e-01,5.867335796356201172e-01,7.399376034736633301e-01,8.217922449111938477e-01,8.322975635528564453e-01,8.482791781425476074e-01,8.697371482849121094e-01,8.566573262214660645e-01,8.090396523475646973e-01,6.582670807838439941e-01,4.043395817279815674e-01,2.120963186025619507e-01,8.153727650642395020e-02,5.643127951771020889e-03,-1.558612566441297531e-02,-1.985236071050167084e-02,-7.155578117817640305e-03,2.465812256559729576e-03,9.011811576783657074e-03,7.680493406951427460e-03,-1.528143184259533882e-03,-3.199170110747218132e-03,2.667412627488374710e-03,5.272010806947946548e-03,4.614625591784715652e-03,4.614625591784715652e-03
6.463162135332822800e-04,6.463162135332822800e-04,4.519579000771045685e-03,5.233638919889926910e-03,2.788494806736707687e-03,1.055614207871258259e-03,3.499720332911238074e-05,2.527507720515131950e-03,8.533146232366561890e-03,7.992496713995933533e-03,9.055595146492123604e-04,-3.873293171636760235e-04,4.113829694688320160e-03,1.146420184522867203e-02,2.166378870606422424e-02,4.003713838756084442e-03,-4.151602089405059814e-02,-3.149110823869705200e-02,3.407844901084899902e-02,9.594438225030899048e-02,1.541066914796829224e-01,2.486621439456939697e-01,3.796107470989227295e-01,5.317967534065246582e-01,7.052201628684997559e-01,7.315922379493713379e-01,6.109129190444946289e-01,4.783986508846282959e-01,3.340494036674499512e-01,2.051101922988891602e-01,9.158095717430114746e-02,4.227948933839797974e-02,5.720578134059906006e-02,1.007703021168708801e-01,1.729730516672134399e-01,2.661646902561187744e-01,3.803451657295227051e-01,5.092725753784179688e-01,6.529469490051269531e-01,7.319460511207580566e-01,7.462698221206665039e-01,7.252125144004821777e-01,6.687741875648498535e-01,6.769778728485107422e-01,7.498235702514648438e-01,8.054023385047912598e-01,8.437142372131347656e-01,7.616968750953674316e-01,5.593503117561340332e-01,3.548450469970703125e-01,1.481809765100479126e-01,2.163812145590782166e-02,-2.478354610502719879e-02,-3.727841377258300781e-02,-1.584648713469505310e-02,-8.179530268535017967e-04,7.807187270373106003e-03,8.485685102641582489e-03,1.217540586367249489e-03,-1.179184182547032833e-04,4.479308146983385086e-03,6.211266852915287018e-03,5.077958106994628906e-03,5.077958106994628906e-03
3.852125955745577812e-03,3.852125955745577812e-03,1.050873892381787300e-03,6.706858403049409389e-04,2.711561741307377815e-03,2.566110808402299881e-03,2.343327796552330256e-04,-3.810432390309870243e-04,7.199827814474701881e-04,1.125365262851119041e-03,8.351043798029422760e-04,2.670241985470056534e-03,6.630777847021818161e-03,8.025874383747577667e-03,6.855530198663473129e-03,7.799771614372730255e-03,1.085859816521406174e-02,9.024413302540779114e-03,2.297217492014169693e-03,-1.690083555877208710e-02,-4.856974259018898010e-02,8.356043696403503418e-02,3.794896900653839111e-01,6.154047250747680664e-01,7.913054227828979492e-01,8.538479804992675781e-01,8.030322790145874023e-01,7.167932987213134766e-01,5.951310396194458008e-01,4.289996922016143799e-01,2.183993011713027954e-01,1.341042667627334595e-01,1.761145889759063721e-01,2.727439403533935547e-01,4.239922761917114258e-01,5.616098046302795410e-01,6.855965852737426758e-01,7.521828413009643555e-01,7.613686919212341309e-01,6.677287817001342773e-01,4.712630808353424072e-01,3.006459176540374756e-01,1.558773070573806763e-01,1.815746277570724487e-01,3.777379095554351807e-01,5.650392174720764160e-01,7.434785366058349609e-01,7.873914241790771484e-01,6.967779397964477539e-01,5.131928920745849609e-01,2.366362661123275757e-01,5.466350167989730835e-02,-3.272542729973793030e-02,-6.118484959006309509e-02,-3.071476891636848450e-02,-8.567927405238151550e-03,5.255676805973052979e-03,9.867998771369457245e-03,5.269038490951061249e-03,3.728505922481417656e-03,5.246399436146020889e-03,4.376793280243873596e-03,1.119685941375792027e-03,1.119686057791113853e-03
5.345153622329235077e-03,5.345153622329235077e-03,-3.343671269249171019e-04,-1.109996926970779896e-03,3.018264193087816238e-03,3.851876826956868172e-03,1.390840974636375904e-03,-2.760083007160574198e-04,-1.148671028204262257e-03,-3.535456256940960884e-03,-7.436363492161035538e-03,-2.871474716812372208e-03,1.015921030193567276e-02,1.185013726353645325e-02,2.201305469498038292e-03,1.651440933346748352e-02,5.478945001959800720e-02,6.586498022079467773e-02,4.974100366234779358e-02,7.658316753804683685e-04,-8.106052875518798828e-02,4.477148130536079407e-02,3.782618641853332520e-01,6.422811746597290039e-01,8.368293046951293945e-01,9.291431903839111328e-01,9.192226529121398926e-01,8.650626540184020996e-01,7.666631937026977539e-01,5.891532897949218750e-01,3.325328230857849121e-01,2.203491032123565674e-01,2.526021003723144531e-01,3.606833219528198242e-01,5.445927977561950684e-01,6.934474706649780273e-01,8.072472810745239258e-01,8.036257624626159668e-01,6.825829744338989258e-01,4.913826286792755127e-01,2.300247251987457275e-01,2.780409902334213257e-02,-1.152792274951934814e-01,-7.686910033226013184e-02,1.430344581604003906e-01,3.846092224121093750e-01,6.478552222251892090e-01,7.720299363136291504e-01,7.571334242820739746e-01,6.086093187332153320e-01,3.264576196670532227e-01,1.131047010421752930e-01,-3.144947439432144165e-02,-7.785228639841079712e-02,-2.610374055802822113e-02,2.170855877920985222e-03,6.971500813961029053e-03,6.858321838080883026e-03,1.831318251788616180e-03,-1.817633165046572685e-04,8.190766093321144581e-04,4.159221425652503967e-04,-1.391226891428232193e-03,-1.391226891428232193e-03
5.125399213284254074e-03,5.125399213284254074e-03,3.638561756815761328e-04,-1.084096656995825469e-04,3.708601696416735649e-03,4.912912379950284958e-03,3.504521911963820457e-03,2.842612564563751221e-03,2.927184570580720901e-03,-5.989967845380306244e-03,-2.390884421765804291e-02,-1.701247878372669220e-02,1.469912566244602203e-02,2.293699048459529877e-02,7.701113820075988770e-03,3.014762885868549347e-02,9.027653187513351440e-02,1.390305906534194946e-01,1.764098107814788818e-01,1.489443778991699219e-01,5.663432553410530090e-02,1.322952955961227417e-01,3.759272694587707520e-01,6.124261617660522461e-01,8.417919874191284180e-01,9.574778676033020020e-01,9.594839215278625488e-01,9.232066273689270020e-01,8.486459255218505859e-01,6.855708956718444824e-01,4.339815676212310791e-01,3.010140061378479004e-01,2.866682410240173340e-01,3.645884692668914795e-01,5.347747206687927246e-01,6.616775989532470703e-01,7.452971935272216797e-01,6.636012792587280273e-01,4.165897369384765625e-01,2.029075473546981812e-01,2.255470864474773407e-02,-9.331294149160385132e-02,-1.446953862905502319e-01,-9.835333377122879028e-02,4.571323096752166748e-02,2.641124129295349121e-01,5.568442344665527344e-01,7.156124114990234375e-01,7.404168248176574707e-01,6.410943865776062012e-01,4.176450669765472412e-01,1.969617009162902832e-01,-2.095569483935832977e-02,-8.728072792291641235e-02,-2.013399498537182808e-03,3.139839693903923035e-02,1.295466069132089615e-02,-5.433451151475310326e-04,-9.095620363950729370e-03,-1.184872630983591080e-02,-8.802660740911960602e-03,-5.671346094459295273e-03,-2.454780507832765579e-03,-2.454780507832765579e-03
3.318763105198740959e-03,3.318763105198740959e-03,2.449459861963987350e-03,2.796094631776213646e-03,4.358666948974132538e-03,5.321779754012823105e-03,5.685431882739067078e-03,5.612812004983425140e-03,5.103920586407184601e-03,-5.944688804447650909e-03,-2.753301709890365601e-02,-1.927807368338108063e-02,1.882014051079750061e-02,2.765724062919616699e-02,7.233226671814918518e-03,4.621391370892524719e-02,1.445993036031723022e-01,2.166679054498672485e-01,2.624197006225585938e-01,2.317349314689636230e-01,1.246135532855987549e-01,1.483300328254699707e-01,3.028843700885772705e-01,5.141873955726623535e-01,7.822391986846923828e-01,9.335119724273681641e-01,9.680056571960449219e-01,9.610128998756408691e-01,9.125337600708007812e-01,7.848725914955139160e-01,5.780292749404907227e-01,4.533300995826721191e-01,4.107750058174133301e-01,4.489581882953643799e-01,5.678796172142028809e-01,6.300171017646789551e-01,6.353706121444702148e-01,5.065060853958129883e-01,2.434234768152236938e-01,6.114944815635681152e-02,-4.031600058078765869e-02,-9.680508077144622803e-02,-1.083177775144577026e-01,-8.498600125312805176e-02,-2.680974826216697693e-02,1.615929305553436279e-01,4.802220463752746582e-01,6.709346771240234375e-01,7.337308526039123535e-01,6.714953780174255371e-01,4.842282533645629883e-01,2.836438119411468506e-01,6.974208354949951172e-02,1.624633371829986572e-02,1.231565475463867188e-01,1.302237659692764282e-01,3.744800761342048645e-02,-9.916162118315696716e-03,-1.186874601989984512e-02,-1.109643839299678802e-02,-7.599236909300088882e-03,-4.325423855334520340e-03,-1.274998532608151436e-03,-1.274998532608151436e-03
-7.475469465134665370e-05,-7.475460733985528350e-05,5.922444164752960205e-03,7.603516336530447006e-03,4.968460649251937866e-03,5.078478716313838959e-03,7.933570072054862976e-03,8.034589700400829315e-03,5.381537601351737976e-03,-3.399619832634925842e-03,-1.830888167023658752e-02,-9.668258018791675568e-03,2.252225205302238464e-02,2.601088583469390869e-02,7.976443157531321049e-04,6.471326947212219238e-02,2.177577465772628784e-01,2.987768948078155518e-01,3.077707290649414062e-01,2.491374611854553223e-01,1.228771358728408813e-01,9.287569671869277954e-02,1.591331362724304199e-01,3.475649356842041016e-01,6.581711173057556152e-01,8.572453856468200684e-01,9.447877407073974609e-01,9.784815311431884766e-01,9.583267569541931152e-01,8.870582580566406250e-01,7.646760344505310059e-01,6.772974133491516113e-01,6.249223947525024414e-01,6.137924194335937500e-01,6.439076662063598633e-01,5.984659790992736816e-01,4.774673879146575928e-01,3.323401212692260742e-01,1.630842089653015137e-01,6.610836088657379150e-02,4.141259565949440002e-02,1.732767932116985321e-02,-6.146384403109550476e-03,-3.676710650324821472e-02,-7.453448325395584106e-02,7.705074548721313477e-02,4.179885685443878174e-01,6.379967927932739258e-01,7.370754480361938477e-01,6.998122334480285645e-01,5.262071490287780762e-01,3.731510341167449951e-01,2.406438738107681274e-01,2.327288985252380371e-01,3.494060933589935303e-01,2.986469566822052002e-01,8.045154809951782227e-02,-2.126012928783893585e-02,-6.488058716058731079e-03,2.075100317597389221e-03,4.429348278790712357e-03,4.453687928617000580e-03,2.148119034245610237e-03,2.148119034245610237e-03
-1.650989288464188576e-03,-1.650989172048866749e-03,5.780170205980539322e-03,6.806097924709320068e-03,1.426793169230222702e-03,3.162757027894258499e-03,1.201399043202400208e-02,1.056308764964342117e-02,-1.189950853586196899e-03,-8.719434030354022980e-03,-1.202536188066005707e-02,-2.123295329511165619e-03,2.098676748573780060e-02,2.530465647578239441e-02,1.083037164062261581e-02,1.257575005292892456e-01,3.700860440731048584e-01,4.884380996227264404e-01,4.808136522769927979e-01,4.052069485187530518e-01,2.616180181503295898e-01,1.754355877637863159e-01,1.466596424579620361e-01,2.814971506595611572e-01,5.799481272697448730e-01,7.935239672660827637e-01,9.222246408462524414e-01,9.853842258453369141e-01,9.830026030540466309e-01,9.506815075874328613e-01,8.884208798408508301e-01,8.297628164291381836e-01,7.747073769569396973e-01,7.256290912628173828e-01,6.825280189514160156e-01,5.500510334968566895e-01,3.281982243061065674e-01,1.751493215560913086e-01,9.090438485145568848e-02,5.291016027331352234e-02,6.116663664579391479e-02,5.141389369964599609e-02,2.365192957222461700e-02,-1.620171777904033661e-02,-6.814704090356826782e-02,7.563682645559310913e-02,4.151498973369598389e-01,6.339647173881530762e-01,7.320812344551086426e-01,6.869494318962097168e-01,4.985692799091339111e-01,3.828549087047576904e-01,3.398063182830810547e-01,3.861031234264373779e-01,5.217453241348266602e-01,4.319490492343902588e-01,1.167143359780311584e-01,-2.961592003703117371e-02,-7.041724398732185364e-03,6.035695318132638931e-03,9.616339579224586487e-03,9.125594049692153931e-03,4.563459195196628571e-03,4.563458729535341263e-03
-1.409940537996590137e-03,-1.409940537996590137e-03,2.022638451308012009e-03,4.038403276354074478e-04,-6.266335025429725647e-03,-4.253849619999527931e-04,1.792669110000133514e-02,1.319830399006605148e-02,-1.461054477840662003e-02,-2.190413139760494232e-02,-8.682456798851490021e-03,3.356814384460449219e-03,1.421368401497602463e-02,2.553854882717132568e-02,3.733140975236892700e-02,2.293466180562973022e-01,6.015841364860534668e-01,7.856514453887939453e-01,7.815485000610351562e-01,6.999434232711791992e-01,5.408362150192260742e-01,3.960097134113311768e-01,2.654638588428497314e-01,3.159840106964111328e-01,5.475701689720153809e-01,7.423476576805114746e-01,9.003164172172546387e-01,9.817209839820861816e-01,9.865613579750061035e-01,9.757423400878906250e-01,9.492638707160949707e-01,9.107264280319213867e-01,8.601300120353698730e-01,7.844680547714233398e-01,6.837406754493713379e-01,4.847723245620727539e-01,1.875630617141723633e-01,3.493363037705421448e-02,2.688401564955711365e-02,2.155484817922115326e-02,1.894613169133663177e-02,5.453568417578935623e-03,-1.892283931374549866e-02,-2.328983694314956665e-02,-7.647424004971981049e-03,1.573511809110641479e-01,4.717060029506683350e-01,6.588383316993713379e-01,7.187481522560119629e-01,6.329069137573242188e-01,4.013146460056304932e-01,3.127554655075073242e-01,3.672294318675994873e-01,4.763689935207366943e-01,6.401742100715637207e-01,5.301299691200256348e-01,1.462363749742507935e-01,-3.498353809118270874e-02,-1.352974493056535721e-02,7.853460265323519707e-04,7.961736060678958893e-03,9.690294042229652405e-03,5.971021018922328949e-03,5.971021018922328949e-03
1.931649749167263508e-03,1.931649865582585335e-03,-8.568398188799619675e-04,-3.630229039117693901e-03,-6.388518027961254120e-03,8.200150914490222931e-04,1.799537055194377899e-02,1.195705309510231018e-02,-1.729493588209152222e-02,-2.961142919957637787e-02,-2.499242685735225677e-02,-2.103849500417709351e-02,-1.774963177740573883e-02,5.358099192380905151e-02,1.929533779621124268e-01,4.345340132713317871e-01,7.783228754997253418e-01,9.486029744148254395e-01,9.453742504119873047e-01,8.765292167663574219e-01,7.420680522918701172e-01,5.757845044136047363e-01,3.776784539222717285e-01,3.722559511661529541e-01,5.595169663429260254e-01,7.338114380836486816e-01,8.951395153999328613e-01,9.799522757530212402e-01,9.882496595382690430e-01,9.883602857589721680e-01,9.802840948104858398e-01,9.481135606765747070e-01,8.918486833572387695e-01,7.875005006790161133e-01,6.350688934326171875e-01,3.932718932628631592e-01,6.210944056510925293e-02,-7.822505384683609009e-02,-2.773160114884376526e-02,2.080659195780754089e-02,6.738951802253723145e-02,7.462727278470993042e-02,4.251984506845474243e-02,5.855759605765342712e-02,1.227405220270156860e-01,2.720772624015808105e-01,5.065677762031555176e-01,6.037976145744323730e-01,5.637668371200561523e-01,4.458887279033660889e-01,2.501634359359741211e-01,2.214920818805694580e-01,3.598746657371520996e-01,5.251182317733764648e-01,7.172229290008544922e-01,6.058241724967956543e-01,1.909220218658447266e-01,-1.357305701822042465e-02,-7.661076262593269348e-03,-7.313389796763658524e-04,7.216155994683504105e-03,9.717678651213645935e-03,6.773227825760841370e-03,6.773227825760841370e-03
8.373782038688659668e-03,8.373782038688659668e-03,-2.858264371752738953e-03,-5.296109709888696671e-03,1.060244510881602764e-03,6.898957304656505585e-03,1.222002878785133362e-02,6.839333567768335342e-03,-9.243126958608627319e-03,-3.184132650494575500e-02,-6.095527112483978271e-02,-7.530922442674636841e-02,-7.490318268537521362e-02,1.094319820404052734e-01,4.776962697505950928e-01,7.413196563720703125e-01,9.003022313117980957e-01,9.772925972938537598e-01,9.722908735275268555e-01,9.349644780158996582e-01,8.653135895729064941e-01,7.147598862648010254e-01,4.833034276962280273e-01,4.503129124641418457e-01,6.157883405685424805e-01,7.679153680801391602e-01,9.066939949989318848e-01,9.800780415534973145e-01,9.880674481391906738e-01,9.885353446006774902e-01,9.814816117286682129e-01,9.419243335723876953e-01,8.698634505271911621e-01,7.347262501716613770e-01,5.365127325057983398e-01,2.755497395992279053e-01,-4.816267639398574829e-02,-1.643267422914505005e-01,-7.294245809316635132e-02,5.066538602113723755e-02,2.064968049526214600e-01,2.589350044727325439e-01,2.079799771308898926e-01,2.293405830860137939e-01,3.230167925357818604e-01,4.198150336742401123e-01,5.197352170944213867e-01,4.688426256179809570e-01,2.671371400356292725e-01,1.258948147296905518e-01,4.511562734842300415e-02,1.090646907687187195e-01,3.177420198917388916e-01,5.323509573936462402e-01,7.528914809226989746e-01,6.590315699577331543e-01,2.507712841033935547e-01,3.461552038788795471e-02,1.056427974253892899e-02,1.485640299506485462e-03,7.379599846899509430e-03,9.207746013998985291e-03,6.970079150050878525e-03,6.970079150050878525e-03
1.004450488835573196e-02,1.004450488835573196e-02,7.441042689606547356e-04,-9.215127211064100266e-04,5.047652870416641235e-03,9.103014133870601654e-03,1.124457083642482758e-02,4.614619538187980652e-03,-1.078683789819478989e-02,-2.465095929801464081e-02,-3.697774559259414673e-02,-1.238636486232280731e-02,4.912317544221878052e-02,2.705424427986145020e-01,6.518715023994445801e-01,8.464645147323608398e-01,8.543216586112976074e-01,8.012881278991699219e-01,6.873639822006225586e-01,6.412924528121948242e-01,6.630735397338867188e-01,5.945968031883239746e-01,4.358621835708618164e-01,4.244539141654968262e-01,5.603721141815185547e-01,7.148851156234741211e-01,8.879930973052978516e-01,9.784998893737792969e-01,9.864056706428527832e-01,9.818032383918762207e-01,9.646926522254943848e-01,9.268420338630676270e-01,8.682513833045959473e-01,7.516133785247802734e-01,5.769280195236206055e-01,3.117706477642059326e-01,-4.385867714881896973e-02,-1.614168137311935425e-01,-4.090375453233718872e-02,1.349600553512573242e-01,3.661746084690093994e-01,4.506464898586273193e-01,3.883756697177886963e-01,4.002998173236846924e-01,4.864189326763153076e-01,5.264207124710083008e-01,5.203051567077636719e-01,3.738241791725158691e-01,8.697775006294250488e-02,-6.959532201290130615e-02,-9.589503705501556396e-02,1.065674237906932831e-02,2.500600218772888184e-01,5.030648112297058105e-01,7.696712017059326172e-01,6.993610262870788574e-01,2.921344041824340820e-01,6.184362247586250305e-02,8.488659746944904327e-03,-1.101043913513422012e-02,3.346327925100922585e-03,9.385650977492332458e-03,7.107528857886791229e-03,7.107528857886791229e-03
6.943818647414445877e-03,6.943818647414445877e-03,9.950266219675540924e-03,9.493562392890453339e-03,5.573707632720470428e-03,7.432185579091310501e-03,1.506899576634168625e-02,5.282910075038671494e-03,-2.192607149481773376e-02,-8.040323853492736816e-03,4.694015532732009888e-02,1.677300781011581421e-01,3.543294370174407959e-01,5.369123816490173340e-01,7.154789566993713379e-01,7.499685883522033691e-01,6.403812170028686523e-01,4.205895960330963135e-01,9.059362113475799561e-02,-4.486880730837583542e-03,1.353480368852615356e-01,2.152952253818511963e-01,2.353546619415283203e-01,2.946789562702178955e-01,3.932681083679199219e-01,5.747206807136535645e-01,8.390367031097412109e-01,9.752178192138671875e-01,9.832642078399658203e-01,9.681639671325683594e-01,9.299171566963195801e-01,9.028666615486145020e-01,8.870124816894531250e-01,8.381618261337280273e-01,7.563147544860839844e-01,5.019346475601196289e-01,7.502143830060958862e-02,-6.949526071548461914e-02,6.838452816009521484e-02,2.736906111240386963e-01,5.464229583740234375e-01,6.497617363929748535e-01,5.837069153785705566e-01,5.714353322982788086e-01,6.129469275474548340e-01,5.918943285942077637e-01,5.082775354385375977e-01,3.187422752380371094e-01,2.328860387206077576e-02,-1.405816823244094849e-01,-1.728685498237609863e-01,-7.373177260160446167e-02,1.568286716938018799e-01,4.372599422931671143e-01,7.675620317459106445e-01,7.268125414848327637e-01,3.150114119052886963e-01,6.811125576496124268e-02,-1.388793811202049255e-02,-3.821957483887672424e-02,-4.883659072220325470e-03,1.025139167904853821e-02,7.185576949268579483e-03,7.185577414929866791e-03
8.026340045034885406e-03,8.026340045034885406e-03,9.211040101945400238e-03,8.110783062875270844e-03,4.725567996501922607e-03,7.272568065673112869e-03,1.575178280472755432e-02,-4.607694689184427261e-03,-5.380586534738540649e-02,-1.866830699145793915e-02,1.008049771189689636e-01,2.701253294944763184e-01,4.892927408218383789e-01,5.966857671737670898e-01,5.923043489456176758e-01,5.089105963706970215e-01,3.465044200420379639e-01,1.221625655889511108e-01,-1.641149520874023438e-01,-2.436861842870712280e-01,-1.165511608123779297e-01,1.012368872761726379e-02,1.363383680582046509e-01,2.714496850967407227e-01,4.154576361179351807e-01,6.077381968498229980e-01,8.482913970947265625e-01,9.543309211730957031e-01,9.258568286895751953e-01,8.212836384773254395e-01,6.406114101409912109e-01,5.946972370147705078e-01,6.835410594940185547e-01,7.532460093498229980e-01,8.038120269775390625e-01,6.408487558364868164e-01,2.643561065196990967e-01,1.207362413406372070e-01,2.099891901016235352e-01,3.641820251941680908e-01,5.833146572113037109e-01,6.497296690940856934e-01,5.634269118309020996e-01,5.173330903053283691e-01,5.114481449127197266e-01,4.811247587203979492e-01,4.263629317283630371e-01,2.859961390495300293e-01,6.002433970570564270e-02,-8.412408828735351562e-02,-1.464491337537765503e-01,-7.272638380527496338e-02,1.370441913604736328e-01,4.193777143955230713e-01,7.742742300033569336e-01,7.432616353034973145e-01,3.263399899005889893e-01,7.530280202627182007e-02,-9.849981404840946198e-03,-3.761619329452514648e-02,-7.995838299393653870e-03,5.976682063192129135e-03,4.301369190216064453e-03,4.301369190216064453e-03
1.329206861555576324e-02,1.329206768423318863e-02,-1.473573385737836361e-03,-5.069851409643888474e-03,2.503233961760997772e-03,8.624161593616008759e-03,1.329293102025985718e-02,-2.505719475448131561e-02,-1.064262166619300842e-01,-5.653490871191024780e-02,1.246167272329330444e-01,2.947993874549865723e-01,4.540130794048309326e-01,4.498624801635742188e-01,2.823476493358612061e-01,1.232905238866806030e-01,-2.730884216725826263e-02,-9.399294108152389526e-02,-7.676176726818084717e-02,-7.630546391010284424e-02,-9.262404590845108032e-02,-2.091779001057147980e-02,1.388133168220520020e-01,3.547661304473876953e-01,6.269406676292419434e-01,8.139377236366271973e-01,9.157571792602539062e-01,9.158391356468200684e-01,8.141836524009704590e-01,5.411623716354370117e-01,9.677535295486450195e-02,2.333589829504489899e-03,2.578370869159698486e-01,4.968658685684204102e-01,7.194199562072753906e-01,7.285131216049194336e-01,5.241453051567077637e-01,4.092777073383331299e-01,3.839102685451507568e-01,4.064342975616455078e-01,4.768497645854949951e-01,4.505502283573150635e-01,3.275356888771057129e-01,2.379931360483169556e-01,1.819225698709487915e-01,1.941119879484176636e-01,2.745613753795623779e-01,2.755857110023498535e-01,1.971849650144577026e-01,9.977746009826660156e-02,-1.663678325712680817e-02,1.367291435599327087e-02,1.907065659761428833e-01,4.494181275367736816e-01,7.898076176643371582e-01,7.487083077430725098e-01,3.261201679706573486e-01,8.341825008392333984e-02,2.060252800583839417e-02,-9.200289845466613770e-03,-5.990208592265844345e-03,-3.438477404415607452e-03,-1.545095583423972130e-03,-1.545095467008650303e-03
1.090625114738941193e-02,1.090625114738941193e-02,-4.699869547039270401e-03,-7.848892360925674438e-03,1.459183637052774429e-03,5.969589110463857651e-03,5.682324990630149841e-03,-1.912924833595752716e-02,-6.846512854099273682e-02,2.764983288943767548e-02,2.692156434059143066e-01,4.251389503479003906e-01,4.954198300838470459e-01,3.958445191383361816e-01,1.264130324125289917e-01,-5.739695951342582703e-02,-1.555854827165603638e-01,-1.381575763225555420e-01,-5.113244988024234772e-03,2.926448732614517212e-02,-3.502438589930534363e-02,2.874462865293025970e-03,1.429610401391983032e-01,3.873538672924041748e-01,7.360529303550720215e-01,9.261420369148254395e-01,9.576212763786315918e-01,8.954952955245971680e-01,7.397640347480773926e-01,3.603580296039581299e-01,-2.427225708961486816e-01,-3.579377532005310059e-01,1.471250504255294800e-02,3.454475998878479004e-01,6.342675685882568359e-01,7.293086051940917969e-01,6.305708289146423340e-01,5.436923503875732422e-01,4.686731100082397461e-01,4.015553295612335205e-01,3.423388898372650146e-01,2.544208765029907227e-01,1.378012597560882568e-01,5.512107908725738525e-02,6.380341481417417526e-03,4.499391093850135803e-02,1.709617823362350464e-01,2.434719502925872803e-01,2.625244259834289551e-01,2.033181637525558472e-01,6.585319340229034424e-02,7.661920040845870972e-02,2.356161773204803467e-01,4.791991710662841797e-01,8.073682188987731934e-01,7.746109366416931152e-01,3.809273540973663330e-01,1.370487213134765625e-01,4.297504574060440063e-02,-3.916924353688955307e-03,-3.627186175435781479e-03,-2.991223242133855820e-03,-2.009035553783178329e-03,-2.009035553783178329e-03
8.688899688422679901e-04,8.688899688422679901e-04,-4.678478871937841177e-04,-2.263388887513428926e-04,1.593416905961930752e-03,-6.911482778377830982e-04,-7.080034818500280380e-03,1.317614689469337463e-02,6.007739529013633728e-02,2.338859140872955322e-01,5.346016883850097656e-01,6.611440777778625488e-01,6.135129928588867188e-01,4.346317946910858154e-01,1.245005577802658081e-01,-3.315189108252525330e-02,-3.832552582025527954e-02,-1.033136434853076935e-02,5.083059892058372498e-02,7.302366197109222412e-02,5.624781921505928040e-02,8.150044828653335571e-02,1.487815380096435547e-01,3.692128360271453857e-01,7.427943348884582520e-01,9.443513154983520508e-01,9.738838076591491699e-01,8.932993412017822266e-01,7.025979757308959961e-01,2.788707315921783447e-01,-3.778823316097259521e-01,-4.861167967319488525e-01,-4.583268612623214722e-02,2.989912033081054688e-01,5.483548641204833984e-01,6.432353258132934570e-01,5.836326479911804199e-01,5.239800810813903809e-01,4.642777740955352783e-01,3.495450913906097412e-01,1.797820627689361572e-01,6.134157627820968628e-02,-5.776362959295511246e-03,-3.128306940197944641e-02,-1.517853979021310806e-02,3.377053141593933105e-02,1.155641376972198486e-01,1.896548569202423096e-01,2.560426890850067139e-01,2.264980077743530273e-01,1.010207980871200562e-01,1.161124706268310547e-01,2.717730402946472168e-01,5.087208747863769531e-01,8.269559741020202637e-01,8.209695219993591309e-01,4.907615184783935547e-01,2.361942231655120850e-01,5.726756900548934937e-02,-2.176609635353088379e-02,-9.067709324881434441e-04,7.318444550037384033e-03,2.909549046307802200e-03,2.909549046307802200e-03
-3.582212142646312714e-03,-3.582212142646312714e-03,7.317852578125894070e-04,3.026980441063642502e-03,3.303373465314507484e-03,-1.730523654259741306e-03,-1.207471080124378204e-02,5.635888874530792236e-02,2.035702764987945557e-01,4.204519391059875488e-01,7.070038914680480957e-01,7.887971997261047363e-01,6.658319234848022461e-01,4.459001421928405762e-01,1.290019005537033081e-01,-1.137706451117992401e-02,2.476324699819087982e-02,5.780466645956039429e-02,8.774720132350921631e-02,1.031788289546966553e-01,1.040995419025421143e-01,1.099569573998451233e-01,1.207510605454444885e-01,3.081546425819396973e-01,6.721677184104919434e-01,8.892000913619995117e-01,9.592518806457519531e-01,8.831656575202941895e-01,6.609414219856262207e-01,2.198220193386077881e-01,-4.401925802230834961e-01,-5.270230770111083984e-01,-4.066954180598258972e-02,3.077238202095031738e-01,5.181570053100585938e-01,6.117411851882934570e-01,5.884763002395629883e-01,5.376041531562805176e-01,4.591247737407684326e-01,3.041014969348907471e-01,7.253436744213104248e-02,-4.774997383356094360e-02,-5.675150826573371887e-02,-4.468520358204841614e-02,-1.155105512589216232e-02,2.260331995785236359e-02,5.777792260050773621e-02,1.120355352759361267e-01,1.853761672973632812e-01,1.705355644226074219e-01,6.751369684934616089e-02,1.026274189352989197e-01,2.758767306804656982e-01,5.205168128013610840e-01,8.365477919578552246e-01,8.466483354568481445e-01,5.508186221122741699e-01,2.934514284133911133e-01,7.454685121774673462e-02,-2.294751442968845367e-02,9.683540556579828262e-04,9.797252714633941650e-03,3.539182478561997414e-03,3.539182711392641068e-03
-2.447054721415042877e-03,-2.447054721415042877e-03,-1.100969966500997543e-03,1.911066006869077682e-03,6.589053198695182800e-03,2.851463388651609421e-03,-9.301703423261642456e-03,1.104189828038215637e-01,3.620135188102722168e-01,5.873479247093200684e-01,7.864221334457397461e-01,8.080983757972717285e-01,6.523765921592712402e-01,4.296495020389556885e-01,1.399170607328414917e-01,7.927513681352138519e-03,3.368083015084266663e-02,6.625051051378250122e-02,1.056365594267845154e-01,1.197299882769584656e-01,1.085307896137237549e-01,8.824399858713150024e-02,5.886959284543991089e-02,2.041792571544647217e-01,5.241729617118835449e-01,7.606884241104125977e-01,9.137256741523742676e-01,8.650943040847778320e-01,6.147944331169128418e-01,1.832118928432464600e-01,-4.296532273292541504e-01,-4.806565642356872559e-01,3.020193800330162048e-02,3.716454505920410156e-01,5.436739921569824219e-01,6.348261237144470215e-01,6.451018452644348145e-01,5.845644474029541016e-01,4.532141089439392090e-01,2.652245461940765381e-01,2.059580385684967041e-02,-7.285377383232116699e-02,-1.512417849153280258e-02,1.491467840969562531e-02,1.726279594004154205e-02,1.149227935820817947e-02,-2.396870870143175125e-03,1.061398256570100784e-02,5.052483826875686646e-02,3.543081507086753845e-02,-3.466809168457984924e-02,3.616404905915260315e-02,2.479272484779357910e-01,5.145871043205261230e-01,8.361436724662780762e-01,8.516474962234497070e-01,5.610985755920410156e-01,3.088203668594360352e-01,9.481288492679595947e-02,-7.461177650839090347e-03,1.998188672587275505e-03,4.445203114300966263e-03,-1.201347622554749250e-04,-1.201347113237716258e-04
2.362830331549048424e-03,2.362830098718404770e-03,2.500258560758084059e-04,3.332808380946516991e-03,1.161117758601903915e-02,1.645925571210682392e-03,-2.656294964253902435e-02,1.340356022119522095e-01,4.834415912628173828e-01,7.211235165596008301e-01,8.470813035964965820e-01,8.381302356719970703e-01,6.942701935768127441e-01,4.879806041717529297e-01,2.192614376544952393e-01,5.426020175218582153e-02,-7.023118901997804642e-03,-3.878932213410735130e-03,6.369277089834213257e-02,8.612943440675735474e-02,6.343107670545578003e-02,2.588008716702461243e-02,-2.652353979647159576e-02,6.725644320249557495e-02,3.072200417518615723e-01,5.644548535346984863e-01,8.389609456062316895e-01,8.550922274589538574e-01,6.128486990928649902e-01,1.882953196763992310e-01,-4.185678958892822266e-01,-4.618228673934936523e-01,5.853045731782913208e-02,3.728212416172027588e-01,4.810495078563690186e-01,5.573927760124206543e-01,6.018509864807128906e-01,5.598500370979309082e-01,4.313898980617523193e-01,2.319402992725372314e-01,-3.849871456623077393e-02,-1.185534447431564331e-01,-8.223901502788066864e-03,4.198767989873886108e-02,3.208129107952117920e-02,1.023450028151273727e-02,-2.355268970131874084e-02,-2.719096466898918152e-02,-6.803234573453664780e-04,-2.349200658500194550e-02,-9.562601149082183838e-02,-2.988949790596961975e-02,1.737175583839416504e-01,4.561240375041961670e-01,8.173300027847290039e-01,8.425107002258300781e-01,5.316662192344665527e-01,2.755575180053710938e-01,7.418458908796310425e-02,-1.890623196959495544e-02,-3.714950056746602058e-03,1.741403830237686634e-03,-2.537169959396123886e-03,-2.537169959396123886e-03
1.084744278341531754e-02,1.084744278341531754e-02,4.784772638231515884e-03,7.292207330465316772e-03,1.836974732577800751e-02,-5.347136873751878738e-03,-6.385844945907592773e-02,1.272087544202804565e-01,5.678544640541076660e-01,8.217787146568298340e-01,8.889814615249633789e-01,8.788927793502807617e-01,7.915126681327819824e-01,6.208934783935546875e-01,3.670350313186645508e-01,1.276210099458694458e-01,-9.734860062599182129e-02,-1.525836586952209473e-01,-3.808417543768882751e-02,2.377176657319068909e-03,-3.119960241019725800e-02,-7.713477313518524170e-02,-1.354283392429351807e-01,-1.026137843728065491e-01,2.130889520049095154e-02,3.004994094371795654e-01,7.349577546119689941e-01,8.531593680381774902e-01,6.551042795181274414e-01,2.350722998380661011e-01,-4.069364666938781738e-01,-4.705219268798828125e-01,4.431601613759994507e-02,3.112511634826660156e-01,3.302834630012512207e-01,3.794410526752471924e-01,4.587238430976867676e-01,4.634608626365661621e-01,3.936520814895629883e-01,2.042487412691116333e-01,-1.047491878271102905e-01,-1.848489940166473389e-01,-3.605067729949951172e-02,3.653379529714584351e-02,3.290442749857902527e-02,1.882998272776603699e-02,-5.689535755664110184e-03,-1.379303866997361183e-03,3.176067769527435303e-02,-6.232910323888063431e-03,-1.153600662946701050e-01,-9.553321450948715210e-02,5.324765294790267944e-02,3.451276123523712158e-01,7.801066637039184570e-01,8.192380070686340332e-01,4.625215530395507812e-01,1.936628669500350952e-01,1.266197208315134048e-02,-5.728267505764961243e-02,-1.617106236517429352e-02,1.685855444520711899e-03,-3.711923025548458099e-03,-3.711923025548458099e-03
1.819946430623531342e-02,1.819946430623531342e-02,8.102083578705787659e-03,3.205479122698307037e-03,3.509651869535446167e-03,-1.103549078106880188e-02,-4.042994976043701172e-02,1.798131763935089111e-01,6.496938467025756836e-01,8.883293867111206055e-01,8.957197666168212891e-01,8.693193793296813965e-01,8.091281056404113770e-01,6.936017274856567383e-01,5.227402448654174805e-01,2.865870893001556396e-01,-1.485771685838699341e-02,-1.340537965297698975e-01,-7.100114226341247559e-02,-7.254103571176528931e-02,-1.386734843254089355e-01,-1.914324015378952026e-01,-2.308177947998046875e-01,-2.346704751253128052e-01,-2.029904425144195557e-01,9.585633128881454468e-02,6.618698239326477051e-01,8.747463822364807129e-01,7.344859242439270020e-01,3.218976855278015137e-01,-3.630183637142181396e-01,-4.521315097808837891e-01,5.455834418535232544e-02,2.769071161746978760e-01,2.149148434400558472e-01,2.219276726245880127e-01,2.979456186294555664e-01,3.548921942710876465e-01,3.927674293518066406e-01,2.433115839958190918e-01,-9.347531199455261230e-02,-1.932307034730911255e-01,-5.595456808805465698e-02,1.782520301640033722e-02,2.810860425233840942e-02,2.413717657327651978e-02,5.910920444875955582e-03,1.667984947562217712e-02,5.644395947456359863e-02,1.784243807196617126e-02,-9.912471473217010498e-02,-1.251841038465499878e-01,-6.033569946885108948e-02,2.283591181039810181e-01,7.409003376960754395e-01,8.309064507484436035e-01,4.983774721622467041e-01,2.306185960769653320e-01,2.762986905872821808e-02,-5.453178659081459045e-02,-1.586635410785675049e-02,1.149373478256165981e-03,-3.484602319076657295e-03,-3.484602319076657295e-03
2.441889420151710510e-02,2.441889420151710510e-02,1.020195707678794861e-02,-8.927376009523868561e-03,-3.296910971403121948e-02,-1.541913580149412155e-02,4.372254014015197754e-02,2.918488383293151855e-01,7.289597392082214355e-01,9.207755923271179199e-01,8.672962784767150879e-01,8.094099164009094238e-01,7.471163868904113770e-01,7.061054706573486328e-01,6.863771080970764160e-01,5.311584472656250000e-01,2.404495179653167725e-01,5.171065777540206909e-02,-3.505814075469970703e-02,-1.386252045631408691e-01,-2.589905560016632080e-01,-3.170127868652343750e-01,-3.126919269561767578e-01,-3.289136290550231934e-01,-3.656779527664184570e-01,-4.947433620691299438e-02,6.196971535682678223e-01,9.198532104492187500e-01,8.509936928749084473e-01,4.487714767456054688e-01,-2.868135571479797363e-01,-4.066515564918518066e-01,8.925744146108627319e-02,2.697891592979431152e-01,1.349435895681381226e-01,8.485263586044311523e-02,1.195163056254386902e-01,2.341440618038177490e-01,4.287359118461608887e-01,3.491288423538208008e-01,-4.677098244428634644e-03,-1.436985731124877930e-01,-6.793557107448577881e-02,-1.413810439407825470e-02,1.769382134079933167e-02,2.615608274936676025e-02,1.124867890030145645e-02,2.698649279773235321e-02,7.336953282356262207e-02,4.873403906822204590e-02,-4.691997542977333069e-02,-1.188421547412872314e-01,-1.670324951410293579e-01,1.058185398578643799e-01,6.997109055519104004e-01,8.775160908699035645e-01,6.392339468002319336e-01,3.864246904850006104e-01,1.190882846713066101e-01,-1.065356098115444183e-02,-2.800826216116547585e-03,1.319579314440488815e-04,-1.855208072811365128e-03,-1.855208072811365128e-03
2.622554823756217957e-02,2.622554823756217957e-02,9.845722466707229614e-03,-2.047609724104404449e-02,-6.473991274833679199e-02,2.116404939442873001e-03,1.800928562879562378e-01,4.471202492713928223e-01,8.031985759735107422e-01,8.652029633522033691e-01,6.331333518028259277e-01,5.350344777107238770e-01,5.709062814712524414e-01,6.316780447959899902e-01,7.173497676849365234e-01,6.601784825325012207e-01,4.601640701293945312e-01,3.032512962818145752e-01,1.894402354955673218e-01,6.985171139240264893e-02,-5.551427975296974182e-02,-1.127364337444305420e-01,-1.018147990107536316e-01,-1.242478862404823303e-01,-1.800357103347778320e-01,8.386286348104476929e-02,6.674478054046630859e-01,9.417695403099060059e-01,9.068279266357421875e-01,5.099415779113769531e-01,-2.488897144794464111e-01,-3.870317637920379639e-01,9.551544487476348877e-02,2.552504837512969971e-01,9.217339754104614258e-02,1.723515987396240234e-02,3.043577633798122406e-02,1.863202750682830811e-01,4.848886430263519287e-01,4.676280617713928223e-01,1.345385462045669556e-01,-3.418145701289176941e-02,-3.853192180395126343e-02,-2.190066687762737274e-02,1.571230590343475342e-02,2.719274908304214478e-02,1.254065986722707748e-02,2.453368343412876129e-02,6.317181885242462158e-02,4.584310948848724365e-02,-2.745243720710277557e-02,-9.837013483047485352e-02,-1.669099777936935425e-01,9.785101562738418579e-02,6.959128379821777344e-01,9.038214087486267090e-01,7.215766310691833496e-01,4.790081977844238281e-01,1.761161237955093384e-01,1.593574509024620056e-02,-1.532904338091611862e-03,-8.555125445127487183e-03,-5.130916833877563477e-03,-5.130916833877563477e-03
2.361943013966083527e-02,2.361943013966083527e-02,7.033379282802343369e-03,-3.144068643450737000e-02,-9.180276840925216675e-02,4.157112911343574524e-02,3.686809837818145752e-01,6.456273794174194336e-01,8.724102377891540527e-01,7.216114401817321777e-01,1.932309865951538086e-01,4.619306325912475586e-02,2.804976701736450195e-01,4.703194200992584229e-01,6.156583428382873535e-01,6.736471652984619141e-01,6.442858576774597168e-01,6.205681562423706055e-01,6.024940013885498047e-01,5.528897047042846680e-01,4.717553853988647461e-01,4.213966727256774902e-01,4.018135368824005127e-01,3.793267607688903809e-01,3.539362847805023193e-01,4.958679378032684326e-01,8.051217198371887207e-01,9.404953122138977051e-01,9.019886255264282227e-01,5.054079294204711914e-01,-2.492468804121017456e-01,-3.932720720767974854e-01,7.333233952522277832e-02,2.332911193370819092e-01,8.660427480936050415e-02,1.907524280250072479e-02,3.070403635501861572e-02,2.114208489656448364e-01,5.612256526947021484e-01,5.988093018531799316e-01,3.241716027259826660e-01,1.353206485509872437e-01,3.225637972354888916e-02,-5.462485365569591522e-03,2.216405421495437622e-02,2.724717184901237488e-02,9.786864742636680603e-03,9.321415796875953674e-03,2.585082501173019409e-02,9.169651195406913757e-03,-4.072210565209388733e-02,-6.376804411411285400e-02,-5.996815860271453857e-02,2.044565528631210327e-01,7.295060753822326660e-01,9.098224043846130371e-01,7.454054951667785645e-01,5.083691477775573730e-01,1.987133771181106567e-01,2.523613348603248596e-02,-1.206258870661258698e-02,-2.491187676787376404e-02,-1.331172883510589600e-02,-1.331172883510589600e-02
1.345021557062864304e-02,1.345021650195121765e-02,-3.092157188802957535e-03,-3.945696353912353516e-02,-9.564420580863952637e-02,8.262357115745544434e-02,4.953463375568389893e-01,7.734094858169555664e-01,9.168130159378051758e-01,6.569508910179138184e-01,-6.176851689815521240e-03,-1.855630576610565186e-01,1.187922284007072449e-01,3.214504122734069824e-01,4.224114418029785156e-01,4.787326455116271973e-01,4.904139637947082520e-01,5.806719660758972168e-01,7.495067119598388672e-01,8.198785781860351562e-01,7.917875051498413086e-01,7.640680074691772461e-01,7.367200851440429688e-01,7.150873541831970215e-01,6.991699934005737305e-01,7.606242299079895020e-01,8.994500637054443359e-01,9.526446461677551270e-01,9.202077984809875488e-01,5.293760895729064941e-01,-2.198505699634552002e-01,-3.762397766113281250e-01,6.020846590399742126e-02,2.028290331363677979e-01,5.162193998694419861e-02,-2.891301736235618591e-02,-3.877583146095275879e-02,1.623943150043487549e-01,5.745974183082580566e-01,6.861173510551452637e-01,4.969540834426879883e-01,3.000738024711608887e-01,9.547651559114456177e-02,2.033914439380168915e-03,1.974600367248058319e-02,2.011264115571975708e-02,3.133824560791254044e-03,-3.985846880823373795e-03,-1.246372819878160954e-03,-2.702519297599792480e-02,-8.132231235504150391e-02,-5.906952917575836182e-02,3.973314166069030762e-02,3.125511705875396729e-01,7.593845129013061523e-01,8.708513379096984863e-01,6.469516754150390625e-01,4.085759222507476807e-01,1.557241678237915039e-01,1.496773678809404373e-02,-1.369335688650608063e-02,-2.321947924792766571e-02,-1.361063215881586075e-02,-1.361063215881586075e-02
-4.282094538211822510e-03,-4.282094072550535202e-03,-2.053088694810867310e-02,-4.452493414282798767e-02,-7.626423984766006470e-02,1.252737194299697876e-01,5.600889325141906738e-01,8.304666280746459961e-01,9.364067912101745605e-01,6.712211966514587402e-01,3.490986675024032593e-02,-1.602338850498199463e-01,8.578993380069732666e-02,1.850709468126296997e-01,1.376091688871383667e-01,7.543495297431945801e-02,-1.451680902391672134e-03,1.835628151893615723e-01,6.304784417152404785e-01,8.708181977272033691e-01,9.045820236206054688e-01,9.152776002883911133e-01,9.029047489166259766e-01,8.830339908599853516e-01,8.556653857231140137e-01,8.781316876411437988e-01,9.504329562187194824e-01,9.782175421714782715e-01,9.614854454994201660e-01,5.818459987640380859e-01,-1.607007682323455811e-01,-3.359348475933074951e-01,5.614380910992622375e-02,1.638642251491546631e-01,-1.277359947562217712e-02,-1.267296224832534790e-01,-1.780038326978683472e-01,3.924064710736274719e-02,5.250037908554077148e-01,7.295522093772888184e-01,6.528859138488769531e-01,4.600780010223388672e-01,1.511284857988357544e-01,5.885323043912649155e-04,8.458152413368225098e-03,5.789155606180429459e-03,-7.418460212647914886e-03,-1.538810413330793381e-02,-1.811977662146091461e-02,-6.274142116308212280e-02,-1.492530554533004761e-01,-8.427459746599197388e-02,1.321939229965209961e-01,4.221348464488983154e-01,7.855482101440429688e-01,7.869083285331726074e-01,4.262151718139648438e-01,1.796285510063171387e-01,4.714847728610038757e-02,-1.486944220960140228e-02,-6.425209343433380127e-03,-3.477938007563352585e-03,-6.027627270668745041e-03,-6.027627270668745041e-03
-7.832372561097145081e-03,-7.832372561097145081e-03,-2.705964073538780212e-02,-4.339520633220672607e-02,-5.683906748890876770e-02,1.378498971462249756e-01,5.406716465950012207e-01,8.026708364486694336e-01,9.238473176956176758e-01,6.673650741577148438e-01,3.322410583496093750e-02,-1.740334928035736084e-01,4.559230804443359375e-02,1.063347309827804565e-01,8.193785324692726135e-03,-9.018953144550323486e-02,-1.888152062892913818e-01,-1.621532812714576721e-02,4.276100695133209229e-01,7.150152325630187988e-01,8.460000157356262207e-01,8.967577219009399414e-01,8.672883510589599609e-01,8.288844823837280273e-01,7.815462350845336914e-01,8.173544406890869141e-01,9.363090395927429199e-01,9.910096526145935059e-01,9.814562797546386719e-01,6.112948656082153320e-01,-1.194746643304824829e-01,-2.888616919517517090e-01,1.031337827444076538e-01,2.174697518348693848e-01,5.414625257253646851e-02,-6.653100997209548950e-02,-1.445620208978652954e-01,4.894455522298812866e-02,5.139887332916259766e-01,7.423619627952575684e-01,7.340643405914306641e-01,5.467578172683715820e-01,1.804423332214355469e-01,4.524305928498506546e-03,1.900372095406055450e-02,1.342253945767879486e-02,-1.221923530101776123e-02,-3.099454194307327271e-02,-4.290338233113288879e-02,-3.929315134882926941e-02,-2.016385458409786224e-02,1.066318824887275696e-01,3.410940468311309814e-01,5.714533925056457520e-01,7.977098226547241211e-01,7.045204043388366699e-01,2.918851673603057861e-01,5.952455103397369385e-02,7.438548840582370758e-03,-1.279519498348236084e-02,-1.176682068035006523e-03,2.263187896460294724e-03,-2.475584391504526138e-03,-2.475584391504526138e-03
2.799382433295249939e-03,2.799382666125893593e-03,-2.267841808497905731e-02,-3.606777638196945190e-02,-3.736869245767593384e-02,1.203520894050598145e-01,4.370945692062377930e-01,6.900221109390258789e-01,8.791346549987792969e-01,6.453825831413269043e-01,-1.123413443565368652e-02,-2.269618958234786987e-01,-1.800641417503356934e-03,8.524175733327865601e-02,3.416531160473823547e-02,-1.814080774784088135e-02,-7.167659699916839600e-02,-1.866243407130241394e-02,1.409016847610473633e-01,3.524696528911590576e-01,6.160414218902587891e-01,7.085084915161132812e-01,6.298708319664001465e-01,5.526388287544250488e-01,4.768125414848327637e-01,5.782924294471740723e-01,8.570784330368041992e-01,9.910210371017456055e-01,9.801203608512878418e-01,6.177226305007934570e-01,-9.617221355438232422e-02,-2.350202947854995728e-01,2.011783719062805176e-01,3.636456429958343506e-01,2.523815035820007324e-01,1.516828089952468872e-01,6.154958903789520264e-02,1.915060430765151978e-01,5.415521264076232910e-01,7.245466113090515137e-01,7.404893636703491211e-01,5.601131916046142578e-01,1.834180653095245361e-01,1.384123507887125015e-02,5.138270556926727295e-02,4.301279038190841675e-02,-1.126849837601184845e-02,-5.080515891313552856e-02,-7.559719681739807129e-02,4.331962019205093384e-02,3.059452772140502930e-01,5.136499404907226562e-01,6.664335727691650391e-01,7.605066895484924316e-01,7.958693504333496094e-01,6.236876845359802246e-01,2.439617067575454712e-01,4.826393350958824158e-02,3.659438341856002808e-02,2.119047939777374268e-02,2.052224939689040184e-03,-5.996102932840585709e-03,-2.954503521323204041e-03,-2.954503521323204041e-03
5.707479082047939301e-03,5.707479082047939301e-03,-1.066605094820261002e-02,-2.791436016559600830e-02,-4.603744298219680786e-02,9.190971404314041138e-02,3.859271109104156494e-01,6.431813240051269531e-01,8.636723160743713379e-01,6.507007479667663574e-01,4.266683012247085571e-03,-2.234770506620407104e-01,-3.253040462732315063e-02,6.517400592565536499e-02,6.963618844747543335e-02,4.927740991115570068e-02,4.097668454051017761e-03,-8.905789814889431000e-03,1.026703044772148132e-02,1.216260939836502075e-01,3.251714110374450684e-01,4.421756565570831299e-01,4.726388454437255859e-01,4.666452109813690186e-01,4.241948127746582031e-01,5.514236092567443848e-01,8.483316302299499512e-01,9.900854825973510742e-01,9.766852855682373047e-01,6.061789393424987793e-01,-1.214334964752197266e-01,-2.498138993978500366e-01,2.210376858711242676e-01,4.129750430583953857e-01,3.259981870651245117e-01,2.372875362634658813e-01,1.468430608510971069e-01,2.291101217269897461e-01,4.840886890888214111e-01,6.089198589324951172e-01,6.036036014556884766e-01,4.436177313327789307e-01,1.289622038602828979e-01,1.010248251259326935e-02,8.703854680061340332e-02,8.412243425846099854e-02,1.354156527668237686e-03,-3.030130825936794281e-02,-1.084395777434110641e-02,1.811939477920532227e-01,5.458124279975891113e-01,7.639850378036499023e-01,8.357118368148803711e-01,8.070361614227294922e-01,6.779579520225524902e-01,4.589127600193023682e-01,1.499006301164627075e-01,7.280583959072828293e-03,3.105261921882629395e-02,2.961421757936477661e-02,2.965381601825356483e-03,-7.158034481108188629e-03,-7.560312515124678612e-04,-7.560313097201287746e-04
8.919177344068884850e-04,8.919175597839057446e-04,8.977457880973815918e-03,-1.893495768308639526e-02,-8.284533023834228516e-02,5.252277106046676636e-02,3.871693313121795654e-01,6.621484756469726562e-01,8.774603009223937988e-01,6.833196282386779785e-01,7.972656190395355225e-02,-1.635789722204208374e-01,-4.659697785973548889e-02,4.613148421049118042e-02,1.146064251661300659e-01,1.120651215314865112e-01,3.850760310888290405e-02,1.305460371077060699e-02,3.570612147450447083e-02,2.248457819223403931e-02,-2.661003358662128448e-02,9.775923192501068115e-02,3.955923914909362793e-01,5.709036588668823242e-01,6.236929893493652344e-01,7.367479801177978516e-01,9.100686311721801758e-01,9.882029294967651367e-01,9.711509943008422852e-01,5.766637921333312988e-01,-1.952585130929946899e-01,-3.332425355911254883e-01,1.627117246389389038e-01,3.654580116271972656e-01,2.749963700771331787e-01,1.902831643819808960e-01,1.113183870911598206e-01,1.617567837238311768e-01,3.415983617305755615e-01,3.954817652702331543e-01,3.234069943428039551e-01,1.972713321447372437e-01,1.707474328577518463e-02,-6.691953167319297791e-03,1.259712427854537964e-01,1.367514729499816895e-01,2.564873173832893372e-02,3.051701374351978302e-02,1.513563245534896851e-01,3.743298053741455078e-01,6.994374990463256836e-01,8.576372265815734863e-01,8.489289283752441406e-01,7.110416889190673828e-01,4.439755380153656006e-01,2.101956158876419067e-01,9.701961651444435120e-03,-6.342548877000808716e-02,-9.186743758618831635e-03,1.247601583600044250e-02,1.562787918373942375e-03,-1.222606631927192211e-03,4.119832534343004227e-03,4.119832068681716919e-03
-4.339178092777729034e-03,-4.339178558439016342e-03,1.248889509588479996e-02,-1.929828338325023651e-02,-9.970071166753768921e-02,3.721459209918975830e-02,3.914476335048675537e-01,6.745421886444091797e-01,8.864982128143310547e-01,7.580254077911376953e-01,2.891236543655395508e-01,9.973903186619281769e-03,-7.942388206720352173e-02,-6.757991760969161987e-02,4.550581052899360657e-02,7.840414345264434814e-02,3.111510537564754486e-02,2.204998582601547241e-02,5.120878294110298157e-02,-1.256584562361240387e-02,-1.692738980054855347e-01,-7.243037968873977661e-02,2.779647111892700195e-01,5.048464536666870117e-01,6.082148551940917969e-01,7.440696954727172852e-01,9.124109745025634766e-01,9.861845374107360840e-01,9.653903245925903320e-01,5.543783903121948242e-01,-2.468512803316116333e-01,-4.133365750312805176e-01,5.492250993847846985e-02,2.420275807380676270e-01,1.479786336421966553e-01,7.846437394618988037e-02,3.348480165004730225e-02,6.517270952463150024e-02,1.735281199216842651e-01,1.904130876064300537e-01,1.158276796340942383e-01,3.503938019275665283e-02,-5.195179581642150879e-02,-4.002337530255317688e-02,7.082466036081314087e-02,9.063833951950073242e-02,1.941766589879989624e-02,1.041989475488662720e-01,3.449821770191192627e-01,5.749106407165527344e-01,7.939844131469726562e-01,8.309875130653381348e-01,6.859199404716491699e-01,4.696381092071533203e-01,1.821421235799789429e-01,5.918395705521106720e-03,-5.903307348489761353e-02,-6.590211391448974609e-02,-1.468871440738439560e-02,7.568197324872016907e-03,8.686264045536518097e-04,-3.248630964662879705e-04,3.987729083746671677e-03,3.987729083746671677e-03
-9.985808283090591431e-03,-9.985808283090591431e-03,-1.317405258305370808e-04,-2.900433726608753204e-02,-9.660360217094421387e-02,4.598517715930938721e-02,3.987619876861572266e-01,6.803623437881469727e-01,8.907861709594726562e-01,8.748180270195007324e-01,6.324579715728759766e-01,2.971815764904022217e-01,-1.310111284255981445e-01,-2.759602069854736328e-01,-1.376656442880630493e-01,-5.170552805066108704e-02,-1.807982288300991058e-02,1.808035746216773987e-02,5.677501484751701355e-02,1.647482439875602722e-02,-1.028202027082443237e-01,-6.839320063591003418e-02,1.197558268904685974e-01,2.684737145900726318e-01,3.777603805065155029e-01,5.733887553215026855e-01,8.553587198257446289e-01,9.840303063392639160e-01,9.594033956527709961e-01,5.393227338790893555e-01,-2.762117981910705566e-01,-4.900960326194763184e-01,-1.023299396038055420e-01,4.268374294042587280e-02,-5.505500361323356628e-02,-9.816881269216537476e-02,-8.665768802165985107e-02,-6.064210087060928345e-02,-2.012202702462673187e-02,-6.286114454269409180e-03,-1.913435012102127075e-02,-4.307811707258224487e-02,-7.811740785837173462e-02,-8.989177644252777100e-02,-7.840121537446975708e-02,-5.421696603298187256e-02,-1.733903773128986359e-02,1.907444894313812256e-01,5.700336098670959473e-01,7.829365134239196777e-01,8.294531106948852539e-01,6.840358972549438477e-01,3.466848134994506836e-01,8.282540738582611084e-02,-1.075422763824462891e-01,-1.539189219474792480e-01,-5.630447715520858765e-02,-1.492713054176419973e-04,1.454670540988445282e-02,1.489076111465692520e-02,8.828970603644847870e-04,-4.464803729206323624e-03,-1.152340671978890896e-03,-1.152340671978890896e-03
-7.665323093533515930e-03,-7.665323093533515930e-03,-7.385872304439544678e-03,-3.374446555972099304e-02,-8.674110472202301025e-02,4.955602809786796570e-02,3.751469254493713379e-01,6.519791483879089355e-01,8.800527453422546387e-01,9.419324398040771484e-01,8.376182317733764648e-01,5.176545977592468262e-01,-1.795851439237594604e-02,-2.596147060394287109e-01,-2.073139995336532593e-01,-1.539197862148284912e-01,-9.943205863237380981e-02,-4.654487222433090210e-02,4.741787910461425781e-03,-1.709687523543834686e-03,-6.589929014444351196e-02,-5.184346437454223633e-02,4.045778512954711914e-02,1.382214874029159546e-01,2.414476424455642700e-01,4.687531888484954834e-01,8.201380968093872070e-01,9.842219948768615723e-01,9.610047936439514160e-01,5.504310727119445801e-01,-2.474992275238037109e-01,-5.047974586486816406e-01,-2.214634865522384644e-01,-1.143692880868911743e-01,-1.835148334503173828e-01,-1.992669999599456787e-01,-1.616258174180984497e-01,-1.303158849477767944e-01,-1.053371876478195190e-01,-8.841654658317565918e-02,-7.955396175384521484e-02,-8.966934680938720703e-02,-1.187627092003822327e-01,-1.288349628448486328e-01,-1.198860928416252136e-01,-3.650847822427749634e-02,1.212978884577751160e-01,3.689924776554107666e-01,7.065753340721130371e-01,8.248089551925659180e-01,7.236932516098022461e-01,4.846211373805999756e-01,1.075926125049591064e-01,-1.198208555579185486e-01,-1.976192593574523926e-01,-1.624993830919265747e-01,-1.446120440959930420e-02,5.044264718890190125e-02,3.221218660473823547e-02,1.519832201302051544e-02,-5.989390192553400993e-04,-6.726102903485298157e-03,-3.183168591931462288e-03,-3.183168591931462288e-03
2.622278174385428429e-03,2.622278174385428429e-03,-9.273500181734561920e-03,-3.351866826415061951e-02,-7.011323422193527222e-02,4.792713746428489685e-02,3.206024467945098877e-01,5.893927216529846191e-01,8.542979955673217773e-01,9.593685865402221680e-01,9.046044945716857910e-01,6.713929176330566406e-01,2.597339451313018799e-01,-1.854346320033073425e-02,-1.634392440319061279e-01,-2.282386273145675659e-01,-2.129416018724441528e-01,-1.718256920576095581e-01,-1.048908904194831848e-01,-6.711938232183456421e-02,-5.851116403937339783e-02,-2.278117462992668152e-02,4.007057845592498779e-02,1.140898391604423523e-01,1.992766112089157104e-01,4.301630556583404541e-01,8.067491650581359863e-01,9.867596626281738281e-01,9.701945185661315918e-01,5.877034664154052734e-01,-1.607135534286499023e-01,-4.574407637119293213e-01,-3.024781346321105957e-01,-2.291315048933029175e-01,-2.374008446931838989e-01,-2.248302102088928223e-01,-1.914195865392684937e-01,-1.438486427068710327e-01,-8.211737126111984253e-02,-5.597820132970809937e-02,-6.543114781379699707e-02,-1.047343090176582336e-01,-1.738876849412918091e-01,-1.568529158830642700e-01,-5.362997576594352722e-02,1.437637954950332642e-01,4.353284239768981934e-01,6.389429569244384766e-01,7.546073794364929199e-01,7.005279660224914551e-01,4.767047762870788574e-01,2.327432334423065186e-01,-3.135666251182556152e-02,-1.383006721735000610e-01,-8.808880299329757690e-02,-1.982299983501434326e-02,6.649674475193023682e-02,8.587364852428436279e-02,3.830772638320922852e-02,8.490880951285362244e-03,-3.576881717890501022e-03,-7.108760531991720200e-03,-2.104754326865077019e-03,-2.104754326865077019e-03
4.712918307632207870e-03,4.712917841970920563e-03,-6.777463946491479874e-03,-2.765132486820220947e-02,-5.790866538882255554e-02,3.790116682648658752e-02,2.597781717777252197e-01,5.210332870483398438e-01,8.216664195060729980e-01,9.574671387672424316e-01,9.284352660179138184e-01,7.823904752731323242e-01,5.193328261375427246e-01,3.001046478748321533e-01,1.247059777379035950e-01,2.293487638235092163e-02,-5.208643153309822083e-03,-2.347256615757942200e-02,-3.185687586665153503e-02,-4.331385344266891479e-02,-5.784349888563156128e-02,-1.252336986362934113e-02,9.264653176069259644e-02,2.083529680967330933e-01,3.345959186553955078e-01,5.472037792205810547e-01,8.461765646934509277e-01,9.906662702560424805e-01,9.806730151176452637e-01,6.974404454231262207e-01,1.409687399864196777e-01,-1.180057972669601440e-01,-7.948315143585205078e-02,-6.839483231306076050e-02,-8.474083244800567627e-02,-8.601233363151550293e-02,-7.220935076475143433e-02,-2.447682060301303864e-02,5.718525499105453491e-02,1.104586124420166016e-01,1.353432536125183105e-01,1.168795675039291382e-01,5.506755039095878601e-02,8.826673030853271484e-02,2.164771407842636108e-01,4.158981442451477051e-01,6.865297555923461914e-01,8.088195919990539551e-01,7.827675938606262207e-01,6.227775216102600098e-01,3.288494944572448730e-01,9.852550923824310303e-02,-6.819437444210052490e-02,-1.056949868798255920e-01,-1.397632714360952377e-02,5.145383998751640320e-02,9.059552103281021118e-02,8.560479432344436646e-02,3.648166730999946594e-02,6.865852046757936478e-03,-3.242658218368887901e-03,-5.869681946933269501e-03,-1.015219721011817455e-03,-1.015219721011817455e-03
-1.393402926623821259e-03,-1.393403159454464912e-03,1.022356445901095867e-04,-1.614243164658546448e-02,-5.012740194797515869e-02,1.947811618447303772e-02,1.926741302013397217e-01,4.469007849693298340e-01,7.821580767631530762e-01,9.362280368804931641e-01,9.091105461120605469e-01,8.506472706794738770e-01,7.608381509780883789e-01,6.963295936584472656e-01,6.571216583251953125e-01,5.996007323265075684e-01,5.237668156623840332e-01,3.985145092010498047e-01,2.238438427448272705e-01,6.970690190792083740e-02,-6.389629840850830078e-02,-2.107004821300506592e-02,1.981856375932693481e-01,4.210108518600463867e-01,6.474056243896484375e-01,8.198754191398620605e-01,9.384203553199768066e-01,9.959419369697570801e-01,9.924402236938476562e-01,8.796421289443969727e-01,6.575476527214050293e-01,5.135074257850646973e-01,4.475214779376983643e-01,3.678407371044158936e-01,2.744652032852172852e-01,2.171866148710250854e-01,1.960048973560333252e-01,2.277995795011520386e-01,3.125706911087036133e-01,4.108939170837402344e-01,5.227692723274230957e-01,5.751722455024719238e-01,5.681030154228210449e-01,6.065239906311035156e-01,6.904352903366088867e-01,7.798945903778076172e-01,8.749018907546997070e-01,8.786223530769348145e-01,7.910559773445129395e-01,5.915576219558715820e-01,2.801273465156555176e-01,8.196795731782913208e-02,-2.920519793406128883e-03,-2.200378291308879852e-02,2.471816726028919220e-02,5.133113637566566467e-02,5.783512070775032043e-02,4.963608086109161377e-02,2.673401683568954468e-02,1.032323390245437622e-02,4.037320031784474850e-04,-3.008867613971233368e-03,8.543529838789254427e-05,8.543527656001970172e-05
-4.946594126522541046e-04,-4.946595290675759315e-04,3.190437564626336098e-03,-2.469413448125123978e-03,-1.747421175241470337e-02,1.903465762734413147e-02,1.070572063326835632e-01,3.011910915374755859e-01,6.014363765716552734e-01,7.700330018997192383e-01,8.069809675216674805e-01,8.308472037315368652e-01,8.416317105293273926e-01,8.717881441116333008e-01,9.213165044784545898e-01,9.084665179252624512e-01,8.332380652427673340e-01,6.962784528732299805e-01,4.975876212120056152e-01,3.274641036987304688e-01,1.859079003334045410e-01,2.164889276027679443e-01,4.192072153091430664e-01,6.267701387405395508e-01,8.391777276992797852e-01,9.582061171531677246e-01,9.838554263114929199e-01,9.951755404472351074e-01,9.921665787696838379e-01,9.702651500701904297e-01,9.294713139533996582e-01,8.653755187988281250e-01,7.779775857925415039e-01,6.844608187675476074e-01,5.848250985145568848e-01,5.203592181205749512e-01,4.910631477832794189e-01,5.039118528366088867e-01,5.589053630828857422e-01,6.432763934135437012e-01,7.570250034332275391e-01,8.198593258857727051e-01,8.317795395851135254e-01,8.554881215095520020e-01,8.909851312637329102e-01,9.128291606903076172e-01,9.210202097892761230e-01,8.536496758460998535e-01,7.107175588607788086e-01,5.044135451316833496e-01,2.347376346588134766e-01,7.755433768033981323e-02,3.286366537213325500e-02,1.326241809874773026e-02,1.875060051679611206e-02,2.543935179710388184e-02,3.332867100834846497e-02,3.091227263212203979e-02,1.819015294313430786e-02,8.031096309423446655e-03,4.350997915025800467e-04,-1.840750104747712612e-03,1.203546184115111828e-03,1.203546184115111828e-03
7.409148849546909332e-03,7.409148849546909332e-03,2.487142104655504227e-03,1.336772739887237549e-02,4.005090519785881042e-02,3.657079115509986877e-02,2.927385736256837845e-03,8.390419930219650269e-02,2.795012295246124268e-01,4.588820338249206543e-01,6.220465898513793945e-01,7.229903936386108398e-01,7.617135047912597656e-01,8.264802098274230957e-01,9.172905087471008301e-01,9.495321512222290039e-01,9.232051372528076172e-01,8.698192834854125977e-01,7.893744707107543945e-01,7.299577593803405762e-01,6.915690898895263672e-01,7.001535892486572266e-01,7.557113170623779297e-01,8.256308436393737793e-01,9.099122881889343262e-01,9.621959328651428223e-01,9.824818372726440430e-01,9.883671402931213379e-01,9.798520207405090332e-01,9.693095684051513672e-01,9.567397832870483398e-01,9.375983476638793945e-01,9.118852615356445312e-01,8.814654350280761719e-01,8.463387489318847656e-01,8.235054016113281250e-01,8.129653930664062500e-01,8.038600087165832520e-01,7.961892485618591309e-01,8.076061010360717773e-01,8.381104469299316406e-01,8.509407639503479004e-01,8.460971117019653320e-01,8.351591229438781738e-01,8.181267976760864258e-01,8.147020339965820312e-01,8.248846530914306641e-01,7.339014410972595215e-01,5.417523980140686035e-01,3.613453507423400879e-01,1.926803737878799438e-01,8.528465032577514648e-02,3.915817663073539734e-02,1.036164758261293173e-04,-3.187902644276618958e-02,-2.622151002287864685e-02,1.707617565989494324e-02,2.943336963653564453e-02,1.085007935762405396e-02,-1.056244946084916592e-05,-3.148554824292659760e-03,-2.365329535678029060e-03,2.339113038033246994e-03,2.339112805202603340e-03
8.905845694243907928e-03,8.905845694243907928e-03,2.206397708505392075e-03,1.701822318136692047e-02,5.334132164716720581e-02,3.560791164636611938e-02,-3.618200495839118958e-02,-1.907865330576896667e-02,8.691795170307159424e-02,2.272655218839645386e-01,4.019640386104583740e-01,5.103598833084106445e-01,5.524531006813049316e-01,6.176188588142395020e-01,7.058570981025695801e-01,7.538064122200012207e-01,7.614669203758239746e-01,7.701402902603149414e-01,7.798265218734741211e-01,7.929311990737915039e-01,8.094543814659118652e-01,8.042275309562683105e-01,7.772507667541503906e-01,7.672576904296875000e-01,7.742483615875244141e-01,7.745445966720581055e-01,7.681463956832885742e-01,7.578015327453613281e-01,7.435100078582763672e-01,7.429037690162658691e-01,7.559828162193298340e-01,7.714052796363830566e-01,7.891710996627807617e-01,8.124179840087890625e-01,8.411458134651184082e-01,8.635449409484863281e-01,8.796152472496032715e-01,8.636801242828369141e-01,8.157393932342529297e-01,7.719191312789916992e-01,7.322192192077636719e-01,6.976636648178100586e-01,6.682524085044860840e-01,6.274642944335937500e-01,5.752993226051330566e-01,5.575382113456726074e-01,5.741808414459228516e-01,5.011675953865051270e-01,3.384984135627746582e-01,2.161657661199569702e-01,1.341696530580520630e-01,7.108574360609054565e-02,2.691402286291122437e-02,-1.255773473531007767e-02,-4.732953011989593506e-02,-4.050931334495544434e-02,7.902911864221096039e-03,2.317675389349460602e-02,5.312213208526372910e-03,-3.102484857663512230e-03,-2.067340537905693054e-03,-1.828856475185602903e-04,2.550879260525107384e-03,2.550879027694463730e-03
3.995430190116167068e-03,3.995430190116167068e-03,2.348204143345355988e-03,8.482072502374649048e-03,2.239703387022018433e-02,1.614602096378803253e-02,-1.027096621692180634e-02,-7.757463026791810989e-03,2.368652634322643280e-02,7.518345117568969727e-02,1.467332988977432251e-01,1.929556429386138916e-01,2.138504832983016968e-01,2.452040016651153564e-01,2.870162129402160645e-01,3.212893903255462646e-01,3.480235040187835693e-01,3.972416222095489502e-01,4.689437150955200195e-01,5.163844823837280273e-01,5.395638346672058105e-01,5.287109017372131348e-01,4.838255941867828369e-01,4.516506195068359375e-01,4.321859776973724365e-01,3.952521383762359619e-01,3.408491313457489014e-01,3.034785985946655273e-01,2.831405103206634521e-01,2.910478413105010986e-01,3.272005021572113037e-01,3.667963147163391113e-01,4.098352193832397461e-01,4.773185551166534424e-01,5.692462921142578125e-01,6.404777169227600098e-01,6.910127401351928711e-01,6.833721399307250977e-01,6.175557971000671387e-01,5.362155437469482422e-01,4.393513500690460205e-01,3.600280284881591797e-01,2.982454895973205566e-01,2.324036657810211182e-01,1.625026017427444458e-01,1.413376778364181519e-01,1.689088493585586548e-01,1.554481834173202515e-01,1.009556576609611511e-01,6.887474656105041504e-02,5.920544639229774475e-02,3.495759889483451843e-02,-3.868801752105355263e-03,-2.472163550555706024e-02,-2.760090306401252747e-02,-1.742406561970710754e-02,5.808883346617221832e-03,1.214242354035377502e-02,1.576555776409804821e-03,-1.244671060703694820e-03,3.678742796182632446e-03,4.706581588834524155e-03,1.838844735175371170e-03,1.838844735175371170e-03
1.411846373230218887e-03,1.411846373230218887e-03,1.657725195400416851e-03,2.935860306024551392e-03,5.246251821517944336e-03,5.324174650013446808e-03,3.169629024341702461e-03,6.789098260924220085e-04,-2.147982129827141762e-03,5.947680328972637653e-04,8.907160721719264984e-03,2.091449871659278870e-02,3.661677986383438110e-02,5.133387073874473572e-02,6.506576389074325562e-02,8.181378990411758423e-02,1.015779376029968262e-01,1.585462093353271484e-01,2.527185976505279541e-01,3.016094565391540527e-01,3.052187263965606689e-01,2.885554730892181396e-01,2.516196370124816895e-01,2.234797775745391846e-01,2.041358500719070435e-01,1.633823364973068237e-01,1.012192070484161377e-01,6.214947253465652466e-02,4.617313668131828308e-02,5.539911612868309021e-02,8.982741832733154297e-02,1.207564324140548706e-01,1.481861621141433716e-01,2.128695845603942871e-01,3.148066699504852295e-01,3.959253132343292236e-01,4.562255144119262695e-01,4.601837396621704102e-01,4.078000187873840332e-01,3.317265808582305908e-01,2.319634258747100830e-01,1.516730487346649170e-01,9.085546433925628662e-02,3.202285617589950562e-02,-2.482478320598602295e-02,-4.216340556740760803e-02,-1.999301835894584656e-02,-9.108707308769226074e-03,-9.510472416877746582e-03,-3.365667071193456650e-04,1.841300912201404572e-02,1.414325740188360214e-02,-1.314582582563161850e-02,-2.169470489025115967e-02,-1.150337886065244675e-02,-3.494537202641367912e-03,2.331822412088513374e-03,3.052399726584553719e-03,-1.332804560661315918e-03,-5.187361966818571091e-04,5.494604818522930145e-03,5.624815821647644043e-03,-1.281033037230372429e-04,-1.281033328268676996e-04
1.155094127170741558e-03,1.155094127170741558e-03,1.349605881841853261e-04,3.795875818468630314e-04,1.888975151814520359e-03,3.142372705042362213e-03,4.139780532568693161e-03,6.230465602129697800e-03,9.414427913725376129e-03,3.499475773423910141e-03,-1.151439081877470016e-02,-5.763549823313951492e-03,2.075199969112873077e-02,3.600842878222465515e-02,4.000573605298995972e-02,3.537967056035995483e-02,2.213022485375404358e-02,5.405404791235923767e-02,1.311511397361755371e-01,1.486061364412307739e-01,1.064190566539764404e-01,8.376131951808929443e-02,8.063291758298873901e-02,8.274514973163604736e-02,9.009802341461181641e-02,7.893516868352890015e-02,4.925656691193580627e-02,3.381413221359252930e-02,3.260786458849906921e-02,3.595766425132751465e-02,4.386353865265846252e-02,3.328564390540122986e-02,4.223976284265518188e-03,1.907109282910823822e-02,7.782699167728424072e-02,1.298878043889999390e-01,1.752534955739974976e-01,1.941149532794952393e-01,1.864721626043319702e-01,1.584523022174835205e-01,1.100553795695304871e-01,7.259874790906906128e-02,4.608240351080894470e-02,2.632187306880950928e-02,1.331715844571590424e-02,7.034949958324432373e-03,7.475245743989944458e-03,7.496932521462440491e-03,7.100011222064495087e-03,8.531812578439712524e-03,1.179233565926551819e-02,8.642715401947498322e-03,-9.170509292744100094e-04,-3.476941026747226715e-03,9.630449349060654640e-04,1.279267948120832443e-03,-2.528271172195672989e-03,-4.093316849321126938e-03,-3.415867686271667480e-03,-9.246802655979990959e-04,3.380245529115200043e-03,2.571817487478256226e-03,-3.349964972585439682e-03,-3.349964972585439682e-03
1.223822822794318199e-03,1.223822939209640026e-03,-1.461642677895724773e-04,-3.305737627670168877e-04,6.705945124849677086e-04,2.556952415034174919e-03,5.328499712049961090e-03,9.534006007015705109e-03,1.517347246408462524e-02,7.756988517940044403e-03,-1.271544303745031357e-02,-1.243831310421228409e-02,8.588380180299282074e-03,1.971191726624965668e-02,2.093229629099369049e-02,8.979072794318199158e-03,-1.614775508642196655e-02,-3.294214839115738869e-03,4.753969609737396240e-02,5.018366128206253052e-02,4.637686070054769516e-03,-1.339440420269966125e-02,-3.912610933184623718e-03,9.950646199285984039e-03,2.819536626338958740e-02,3.143891692161560059e-02,1.968129724264144897e-02,1.577115617692470551e-02,1.970849931240081787e-02,1.964347064495086670e-02,1.557606831192970276e-02,-1.005926541984081268e-02,-5.726253241300582886e-02,-6.710526347160339355e-02,-3.958744928240776062e-02,-1.048937812447547913e-02,2.018895372748374939e-02,4.055092111229896545e-02,5.059652402997016907e-02,4.857129603624343872e-02,3.447523713111877441e-02,2.500097267329692841e-02,2.014850452542304993e-02,1.972740888595581055e-02,2.373768389225006104e-02,2.254035137593746185e-02,1.613540761172771454e-02,1.234075333923101425e-02,1.115638669580221176e-02,9.701534174382686615e-03,7.976196706295013428e-03,6.566808093339204788e-03,5.473368801176548004e-03,5.221747793257236481e-03,5.811944603919982910e-03,3.041679039597511292e-03,-3.089049132540822029e-03,-5.196500103920698166e-03,-3.280673408880829811e-03,-6.517122965306043625e-04,2.690382767468690872e-03,1.456395140849053860e-03,-4.353675525635480881e-03,-4.353675991296768188e-03
1.618032692931592464e-03,1.618032692931592464e-03,8.143506129272282124e-04,8.053763303905725479e-04,1.591109903529286385e-03,3.567913314327597618e-03,6.735786795616149902e-03,1.058953162282705307e-02,1.512914989143610001e-02,1.336730644106864929e-02,5.304002668708562851e-03,8.902089903131127357e-04,1.259255805052816868e-04,2.444337587803602219e-03,7.845445536077022552e-03,2.611999399960041046e-03,-1.325600035488605499e-02,-1.349857170134782791e-02,1.884286059066653252e-03,6.342015229165554047e-03,-1.253816299140453339e-04,-2.911697374656796455e-03,-2.016932237893342972e-03,5.096259526908397675e-03,1.842787861824035645e-02,2.089358866214752197e-02,1.249338779598474503e-02,8.020540699362754822e-03,7.475045509636402130e-03,6.456532049924135208e-03,4.964999854564666748e-03,-9.278297424316406250e-03,-3.627336025238037109e-02,-4.565947875380516052e-02,-3.743664547801017761e-02,-2.520620077848434448e-02,-8.968141861259937286e-03,-5.083653377369046211e-04,1.731275115162134171e-04,2.083578845486044884e-03,5.222987383604049683e-03,8.879717439413070679e-03,1.305376831442117691e-02,1.223945990204811096e-02,6.436792667955160141e-03,4.352795891463756561e-03,5.987469572573900223e-03,5.422755144536495209e-03,2.658652840182185173e-03,3.172597847878932953e-03,6.964590400457382202e-03,7.915535941720008850e-03,6.025433074682950974e-03,4.401361104100942612e-03,3.043320029973983765e-03,1.792695838958024979e-03,6.494887638837099075e-04,-2.571504446677863598e-04,-9.272214374504983425e-04,3.001676523126661777e-04,3.425016766414046288e-03,2.278549131006002426e-03,-3.139235544949769974e-03,-3.139235544949769974e-03
1.765261171385645866e-03,1.765261171385645866e-03,1.357560977339744568e-03,1.194897107779979706e-03,1.277269446291029453e-03,2.849870594218373299e-03,5.912700202316045761e-03,9.095952846109867096e-03,1.239962782710790634e-02,1.287936605513095856e-02,1.053516846150159836e-02,5.413840059190988541e-03,-2.484618220478296280e-03,-4.192366730421781540e-03,2.905956062022596598e-04,-1.473802374675869942e-03,-9.485560469329357147e-03,-1.408976130187511444e-02,-1.528640370815992355e-02,-1.156107336282730103e-02,-2.913770964369177818e-03,4.127234569750726223e-04,-1.581590040586888790e-03,1.521670608781278133e-03,9.722505696117877960e-03,1.060030609369277954e-02,4.155072849243879318e-03,7.403704221360385418e-04,3.561983176041394472e-04,-2.468352322466671467e-04,-1.068730256520211697e-03,-7.881239056587219238e-03,-2.068436145782470703e-02,-2.671388164162635803e-02,-2.596979960799217224e-02,-2.377072907984256744e-02,-2.011667005717754364e-02,-1.895914599299430847e-02,-2.029815874993801117e-02,-1.607094891369342804e-02,-6.277518346905708313e-03,1.454694196581840515e-03,7.125688251107931137e-03,6.421109661459922791e-03,-6.590420962311327457e-04,-2.849137177690863609e-03,-1.491761067882180214e-04,2.697558375075459480e-04,-1.592341111972928047e-03,1.152792683569714427e-04,5.392617080360651016e-03,6.995635572820901871e-03,4.924335516989231110e-03,3.302679164335131645e-03,2.130667213350534439e-03,1.479828497394919395e-03,1.350163365714251995e-03,6.430718349292874336e-04,-6.414458039216697216e-04,-1.078276181942783296e-04,2.243926515802741051e-03,1.601174008101224899e-03,-2.036085119470953941e-03,-2.036084886640310287e-03
1.665508258156478405e-03,1.665508258156478405e-03,1.483466825447976589e-03,8.379885111935436726e-04,-2.709269174374639988e-04,4.028238472528755665e-04,2.859240863472223282e-03,5.053268279880285263e-03,6.984906271100044250e-03,6.293167825788259506e-03,2.978053642436861992e-03,1.132580568082630634e-03,7.567486027255654335e-04,-1.981957757379859686e-04,-1.732252072542905807e-03,-3.278332296758890152e-03,-4.836436826735734940e-03,-5.067783407866954803e-03,-3.972372971475124359e-03,-3.525606123730540276e-03,-3.727482166141271591e-03,-3.421141533181071281e-03,-2.606583992019295692e-03,-7.731214282102882862e-04,2.079246565699577332e-03,5.590706714428961277e-04,-5.333648994565010071e-03,-6.069352850317955017e-03,-1.648041303269565105e-03,-4.666312015615403652e-04,-2.525122603401541710e-03,-5.868088919669389725e-03,-1.049553137272596359e-02,-1.026846934109926224e-02,-5.186906084418296814e-03,-6.182959303259849548e-03,-1.325663086026906967e-02,-1.480142213404178619e-02,-1.081733498722314835e-02,-5.892287474125623703e-03,-2.628090442158281803e-05,2.725903410464525223e-03,2.364265266805887222e-03,2.272357698529958725e-03,2.450180472806096077e-03,9.345516446046531200e-04,-2.274529077112674713e-03,-3.118244931101799011e-03,-1.596595626324415207e-03,5.295778391882777214e-04,3.260275581851601601e-03,3.807108383625745773e-03,2.170075662434101105e-03,1.925701624713838100e-03,3.073985921218991280e-03,2.103077014908194542e-03,-9.870253270491957664e-04,-2.495833206921815872e-03,-2.423346508294343948e-03,-1.875698100775480270e-03,-8.528881007805466652e-04,-5.757299368269741535e-04,-1.044223783537745476e-03,-1.044223783537745476e-03
1.379811903461813927e-03,1.379812019877135754e-03,2.369081601500511169e-03,1.571685075759887695e-03,-1.012377440929412842e-03,-1.644390518777072430e-03,-3.243542159907519817e-04,7.649406325072050095e-04,1.623493852093815804e-03,3.275230992585420609e-04,-3.122971625998616219e-03,-2.399709541350603104e-03,2.497309120371937752e-03,4.529065918177366257e-03,3.695561783388257027e-03,3.571467706933617592e-03,4.156784620136022568e-03,5.284584127366542816e-03,6.954866927117109299e-03,5.493042990565299988e-03,8.991124923340976238e-04,-3.249616129323840141e-04,1.820820267312228680e-03,2.074132906273007393e-03,4.349762457422912121e-04,-1.858278410509228706e-03,-4.805631004273891449e-03,-2.956016454845666885e-03,3.690565237775444984e-03,5.466145928949117661e-03,2.370726317167282104e-03,2.450485480949282646e-04,-9.108873782679438591e-04,2.106010448187589645e-03,9.295741096138954163e-03,7.017174735665321350e-03,-4.729688167572021484e-03,-8.461801335215568542e-03,-4.179164301604032516e-03,-5.016188952140510082e-04,2.570834709331393242e-03,2.148506231606006622e-03,-1.768603688105940819e-03,-2.365750406170263886e-04,6.744592450559139252e-03,7.534807082265615463e-03,2.134069334715604782e-03,1.973157923202961683e-04,1.724546658806502819e-03,2.675822470337152481e-03,3.051143605262041092e-03,2.407731721177697182e-03,7.455874583683907986e-04,1.152410870417952538e-03,3.628202248364686966e-03,2.857339801266789436e-03,-1.160175772383809090e-03,-2.521047368645668030e-03,-1.225274754688143730e-03,-1.255878014490008354e-03,-2.612857148051261902e-03,-1.645975280553102493e-03,1.644767355173826218e-03,1.644767355173826218e-03
9.081722237169742584e-04,9.081722237169742584e-04,4.014404956251382828e-03,3.395986743271350861e-03,-9.470820077694952488e-04,-3.291772445663809776e-03,-3.638084745034575462e-03,-3.769030096009373665e-03,-3.684608964249491692e-03,-5.017568357288837433e-03,-7.767907809466123581e-03,-5.183030385524034500e-03,2.737063216045498848e-03,9.989419020712375641e-03,1.657403819262981415e-02,1.907559856772422791e-02,1.749410293996334076e-02,1.696734130382537842e-02,1.749531552195549011e-02,1.549487281590700150e-02,1.096601318567991257e-02,9.701263159513473511e-03,1.170062273740768433e-02,1.006343308836221695e-02,4.789694678038358688e-03,3.348259255290031433e-03,5.739126820117235184e-03,1.008037943392992020e-02,1.637201756238937378e-02,1.755149662494659424e-02,1.361881569027900696e-02,1.045817416161298752e-02,8.069570176303386688e-03,1.040955912321805954e-02,1.747814007103443146e-02,1.582967489957809448e-02,5.464157089591026306e-03,5.971684004180133343e-05,-3.836472751572728157e-04,1.010565465549007058e-04,1.513828174211084843e-03,-2.774968743324279785e-04,-5.272918846458196640e-03,-1.105688628740608692e-03,1.222419366240501404e-02,1.695162989199161530e-02,1.307661831378936768e-02,1.021643728017807007e-02,8.371085859835147858e-03,6.554013583809137344e-03,4.765220452100038528e-03,2.797506283968687057e-03,6.508704973384737968e-04,9.828069014474749565e-04,3.793315729126334190e-03,3.742617322131991386e-03,8.307120297104120255e-04,5.674294079653918743e-04,2.952769398689270020e-03,1.751632778905332088e-03,-3.035980509594082832e-03,-1.609561964869499207e-03,6.030888296663761139e-03,6.030888296663761139e-03
9.081722237169742584e-04,9.081722237169742584e-04,4.014404956251382828e-03,3.395986743271350861e-03,-9.470820077694952488e-04,-3.291772445663809776e-03,-3.638084745034575462e-03,-3.769030096009373665e-03,-3.684608964249491692e-03,-5.017568357288837433e-03,-7.767907809466123581e-03,-5.183030385524034500e-03,2.737063216045498848e-03,9.989419020712375641e-03,1.657403819262981415e-02,1.907559856772422791e-02,1.749410293996334076e-02,1.696734130382537842e-02,1.749531552195549011e-02,1.549487281590700150e-02,1.096601318567991257e-02,9.701263159513473511e-03,1.170062273740768433e-02,1.006343308836221695e-02,4.789694678038358688e-03,3.348259255290031433e-03,5.739126820117235184e-03,1.008037943392992020e-02,1.637201756238937378e-02,1.755149662494659424e-02,1.361881569027900696e-02,1.045817416161298752e-02,8.069570176303386688e-03,1.040955912321805954e-02,1.747814007103443146e-02,1.582967489957809448e-02,5.464157089591026306e-03,5.971684004180133343e-05,-3.836472751572728157e-04,1.010565465549007058e-04,1.513828174211084843e-03,-2.774968743324279785e-04,-5.272918846458196640e-03,-1.105688628740608692e-03,1.222419366240501404e-02,1.695162989199161530e-02,1.307661831378936768e-02,1.021643728017807007e-02,8.371085859835147858e-03,6.554013583809137344e-03,4.765220452100038528e-03,2.797506283968687057e-03,6.508704973384737968e-04,9.828069014474749565e-04,3.793315729126334190e-03,3.742617322131991386e-03,8.307120297104120255e-04,5.674294079653918743e-04,2.952769398689270020e-03,1.751632778905332088e-03,-3.035980509594082832e-03,-1.609561964869499207e-03,6.030888296663761139e-03,6.030888296663761139e-03
